Books,Clothing,Electronics,Home,Total Purchases
4850,2996,847,0,8693
4265,3876,7006,0,15147
2568,3143,0,0,5711
0,1097,5981,0,7078
997,0,488,5013,6498
5971,3144,5853,2124,17092
0,2613,0,0,2613
2335,12188,1119,0,15642
0,0,2565,0,2565
0,8501,6427,6529,21457
9740,2353,0,0,12093
3821,4414,2900,4994,16129
9389,4688,6374,12849,33300
6159,2513,9582,3304,21558
763,0,3600,4710,9073
2378,4246,7054,0,13678
5930,5511,760,0,12201
0,6071,0,0,6071
7715,4354,5941,3788,21798
7834,4127,6795,6089,24845
7527,2767,0,6775,17069
10596,0,0,10944,21540
1998,9528,1629,5423,18578
2019,0,8947,5571,16537
8693,8696,6542,0,23931
0,738,3834,0,4572
12310,0,2814,4506,19630
6249,0,0,8146,14395
10414,5136,2757,4654,22961
7900,0,2215,6049,16164
0,0,0,541,541
6308,2485,3375,18419,30587
796,10204,9715,0,20715
4673,2736,5410,2370,15189
1107,4021,1034,2109,8271
1659,825,5744,2796,11024
10305,0,0,0,10305
8942,0,2984,0,11926
3722,12088,1655,7953,25418
8599,0,1618,0,10217
0,5127,4666,0,9793
0,0,2582,4676,7258
3654,2787,15447,3676,25564
3726,583,0,0,4309
0,6225,0,4426,10651
5941,3567,1509,0,11017
3868,0,0,834,4702
308,7891,8320,0,16519
0,1150,1332,947,3429
4505,0,371,0,4876
4792,10195,6433,0,21420
4938,7660,0,0,12598
0,5250,0,0,5250
2741,0,3242,0,5983
4707,11564,2261,3210,21742
0,0,1603,1546,3149
611,5674,2948,4998,14231
953,0,15389,2327,18669
6584,9426,5500,3012,24522
6016,1867,0,6737,14620
4371,0,0,6812,11183
0,0,6622,0,6622
4411,0,11345,1113,16869
7232,0,4557,3202,14991
275,12474,0,4141,16890
7082,8562,0,2911,18555
2626,0,394,740,3760
0,5556,2517,8070,16143
4641,0,4960,0,9601
413,20469,0,3733,24615
0,9114,0,0,9114
0,5297,3851,592,9740
730,3126,904,0,4760
1130,0,0,0,1130
3755,4723,6303,0,14781
2871,7476,7058,0,17405
2763,592,2544,3460,9359
8433,711,2251,1023,12418
7006,3133,0,942,11081
882,6296,0,3681,10859
0,0,3728,0,3728
0,3362,0,4343,7705
0,1161,0,7575,8736
2761,1290,5253,2163,11467
3661,4303,3605,0,11569
7915,9850,0,2573,20338
362,4306,2338,984,7990
0,0,5307,493,5800
6616,2546,2912,6045,18119
0,4442,1498,0,5940
14131,8416,4749,0,27296
3312,0,0,5354,8666
5717,2776,3595,7299,19387
1566,5067,3261,3465,13359
0,4856,1831,0,6687
7134,5093,1997,4245,18469
613,0,7324,8876,16813
10783,10861,4488,0,26132
0,1542,757,0,2299
1759,3779,7855,3874,17267
10098,0,1355,4499,15952
5159,3214,4766,7198,20337
12110,0,0,7808,19918
644,1347,0,7268,9259
10040,3707,0,0,13747
3786,12937,0,0,16723
2035,363,5143,0,7541
6669,318,3359,0,10346
0,2845,3703,477,7025
3579,0,0,1796,5375
0,2222,4284,0,6506
1976,349,1665,0,3990
6637,7258,0,0,13895
0,7339,2891,3223,13453
3170,1819,3065,0,8054
0,3439,4030,6945,14414
8555,5743,0,4593,18891
0,0,8929,0,8929
10384,0,9888,0,20272
0,0,0,2084,2084
0,4911,3561,3799,12271
3260,15318,5175,2453,26206
0,4845,4130,3397,12372
0,21539,0,555,22094
0,3552,7078,0,10630
4129,3377,0,4720,12226
10251,0,0,4243,14494
3305,3332,1349,2960,10946
4258,3364,3553,1756,12931
6529,1348,7007,5992,20876
2696,4644,6470,0,13810
7787,4539,6120,1971,20417
9220,17633,0,0,26853
0,0,6604,4868,11472
0,7313,3909,2798,14020
2831,8428,0,0,11259
0,8083,5006,15486,28575
2845,0,3693,5074,11612
0,4600,5877,0,10477
4063,4798,1244,0,10105
4850,2105,0,4642,11597
0,1444,5605,12081,19130
2089,5133,4035,1167,12424
0,6693,0,0,6693
0,5976,0,0,5976
0,0,3585,5198,8783
0,3212,7529,0,10741
919,0,2389,4935,8243
1028,5559,2615,4767,13969
0,593,0,1678,2271
4420,1224,0,3607,9251
8911,3094,0,0,12005
5626,2193,1316,3491,12626
2518,0,0,8078,10596
2808,7253,3389,650,14100
3631,3075,1295,11251,19252
2060,0,0,1248,3308
8317,6427,7219,4864,26827
0,0,3981,5040,9021
5634,0,0,8669,14303
3343,0,346,0,3689
0,1867,0,0,1867
11266,6443,6353,0,24062
3579,0,0,2068,5647
0,1078,4352,3217,8647
2026,2371,5890,6047,16334
0,3108,5279,1462,9849
7532,8328,10345,6869,33074
5400,3705,2166,5721,16992
0,468,4912,0,5380
0,14922,0,4979,19901
0,4865,2637,1735,9237
3480,3160,3900,4272,14812
1149,1376,6696,1324,10545
10751,1880,7449,8254,28334
3903,0,15939,0,19842
4650,396,0,3821,8867
1616,9957,3789,3432,18794
9335,3782,7047,0,20164
6853,7952,5224,4594,24623
10398,0,3467,0,13865
0,4638,361,3211,8210
7382,0,2633,2340,12355
5448,0,5181,9703,20332
0,2895,14545,9522,26962
4968,5809,4175,0,14952
0,6949,0,0,6949
2612,4394,4171,0,11177
3929,8921,11413,0,24263
0,7803,4459,5938,18200
5443,0,0,0,5443
707,720,6576,8573,16576
4562,0,3430,10438,18430
0,6682,5339,4683,16704
1905,10761,1967,0,14633
4727,8240,2004,4060,19031
3591,0,7552,3515,14658
8266,0,7405,1754,17425
2481,3217,917,0,6615
564,430,6204,3357,10555
0,12149,429,0,12578
10891,10054,6956,6157,34058
13215,2283,4228,0,19726
2081,5518,6615,9633,23847
3197,0,2159,2538,7894
7598,7652,8104,3212,26566
7192,325,0,0,7517
1941,4516,8051,3003,17511
5678,0,0,461,6139
800,0,12000,6776,19576
2889,4838,0,11959,19686
8107,5442,5809,5270,24628
394,0,2746,0,3140
0,4674,0,5052,9726
6782,4106,3757,8216,22861
9982,7506,3095,2157,22740
0,4092,696,0,4788
3981,0,0,9702,13683
0,0,0,2142,2142
7192,0,0,773,7965
0,4941,0,4297,9238
7355,10010,8155,7683,33203
0,4022,4558,4712,13292
607,0,0,3166,3773
2392,4968,7191,0,14551
4608,0,5271,12292,22171
5797,0,1169,7340,14306
3109,767,115,0,3991
0,2876,435,0,3311
7679,6890,8646,8938,32153
4989,3615,3793,0,12397
0,8518,2988,0,11506
7372,0,0,1900,9272
11854,4140,4977,4617,25588
0,10091,0,518,10609
880,0,671,2711,4262
4450,0,745,0,5195
0,2688,0,0,2688
0,2729,0,0,2729
6434,5844,0,3595,15873
4828,5199,7023,0,17050
9339,3392,12500,3111,28342
3678,2676,4616,7616,18586
5484,5996,0,5437,16917
1531,0,2358,2591,6480
2331,0,4584,4916,11831
2664,6254,862,2097,11877
4331,1677,9257,0,15265
2233,0,4400,0,6633
835,0,667,1246,2748
6611,3795,4781,1854,17041
2732,0,1187,870,4789
4298,7300,699,878,13175
3178,7833,9346,0,20357
6810,0,0,9656,16466
5465,0,3284,4579,13328
11288,6751,2344,0,20383
1809,4479,14305,3968,24561
9050,609,3699,1991,15349
5460,8472,1560,4173,19665
0,488,0,3012,3500
5807,4325,0,6638,16770
4176,2478,0,3229,9883
8413,851,388,0,9652
2286,7167,4393,9109,22955
5095,0,0,5515,10610
11708,0,4198,5318,21224
1214,6314,1395,4474,13397
8388,2766,1840,7011,20005
1942,0,0,2350,4292
4188,0,5246,4624,14058
1893,1720,299,5343,9255
0,1904,3353,3800,9057
1077,3007,4020,0,8104
5325,2974,4589,0,12888
0,5702,9325,5186,20213
11534,4547,4426,5781,26288
4266,3724,6839,0,14829
0,0,4129,6917,11046
7915,4182,5265,11143,28505
5017,0,863,1088,6968
11000,0,8079,6154,25233
2309,3175,7281,4749,17514
5642,12613,249,0,18504
4974,0,4891,0,9865
0,2392,0,0,2392
0,325,2349,5878,8552
0,0,0,5090,5090
4008,2601,402,5778,12789
1418,0,0,7287,8705
0,0,3548,2360,5908
4700,4454,8934,4260,22348
2943,2261,669,3258,9131
0,0,8878,2749,11627
0,0,7384,0,7384
5548,2098,0,4640,12286
0,4607,1920,1599,8126
0,0,0,7963,7963
0,0,467,6674,7141
7756,5224,1194,2617,16791
2159,0,0,10029,12188
1504,0,0,4314,5818
11869,6834,3913,0,22616
18010,5176,1398,0,24584
4565,2184,0,4199,10948
5383,3673,7092,0,16148
1319,5819,0,4548,11686
2635,0,5593,0,8228
2476,3103,5455,0,11034
7549,3097,10635,5192,26473
0,8925,3206,4527,16658
0,9990,3651,8872,22513
1710,2738,8960,4627,18035
0,9548,8770,0,18318
4104,1528,11689,7504,24825
1129,3623,2340,0,7092
0,4962,4687,8532,18181
0,4273,9282,0,13555
3959,4759,0,0,8718
4224,407,7077,2118,13826
7105,0,0,5010,12115
456,400,4587,7434,12877
12250,2775,1114,0,16139
3645,4862,7092,3427,19026
0,2473,0,6788,9261
685,9511,1537,5640,17373
2883,0,0,0,2883
5110,0,7335,3130,15575
6500,13194,8678,965,29337
5128,0,0,397,5525
748,4232,0,9437,14417
0,255,3367,2974,6596
0,4714,3983,0,8697
3468,4393,2571,822,11254
3030,3397,981,2024,9432
659,4283,11043,796,16781
2010,2060,0,7805,11875
10087,4590,5763,3516,23956
0,5419,0,2297,7716
1161,2139,2983,0,6283
0,1389,3416,0,4805
5065,2065,10429,0,17559
3513,5566,8503,4916,22498
0,9045,0,7727,16772
14208,2926,4486,3584,25204
4922,6702,3860,2401,17885
12566,5608,0,0,18174
4838,212,2381,12276,19707
4348,4668,5558,2426,17000
6333,1134,3460,0,10927
2556,0,0,14717,17273
6748,0,6795,2729,16272
4640,12168,391,2782,19981
0,0,2142,0,2142
3113,9057,861,0,13031
6685,0,1824,4274,12783
1959,5462,1746,2996,12163
5319,6904,8854,3537,24614
2165,3161,5130,0,10456
5011,4657,0,0,9668
6815,14917,7024,9892,38648
3278,1686,8627,0,13591
10375,0,8882,6801,26058
7395,0,1606,0,9001
0,7895,0,532,8427
6924,1078,2424,2221,12647
2455,1828,5268,8901,18452
0,3303,4101,6583,13987
7640,8103,4782,7087,27612
666,0,0,2916,3582
2637,4713,2253,7806,17409
0,3855,0,3204,7059
4038,1661,5098,6270,17067
3250,3945,7467,11589,26251
0,0,2793,0,2793
3762,6754,1733,4996,17245
6114,6765,1237,16357,30473
8344,0,2077,792,11213
0,6298,1274,4238,11810
2568,4320,13965,4871,25724
7610,0,0,1141,8751
4796,5718,6374,7263,24151
10991,8784,1325,0,21100
9046,2576,2573,4126,18321
5962,21017,3182,2425,32586
0,2955,3928,0,6883
10024,6521,2120,1694,20359
0,6050,7886,10134,24070
0,5228,10331,10608,26167
4372,0,4150,0,8522
0,0,3943,2310,6253
0,2527,0,4016,6543
2097,0,7759,2489,12345
4518,0,8427,0,12945
6280,10828,0,0,17108
3725,0,0,0,3725
4624,1646,4469,4909,15648
6658,0,790,2250,9698
8746,2225,0,6253,17224
4536,0,3366,0,7902
3713,5004,5533,3706,17956
5673,4483,1322,1137,12615
2212,0,4757,10706,17675
3871,0,4555,4870,13296
2225,6074,0,3183,11482
7567,0,4950,2565,15082
0,7083,5839,3583,16505
11036,0,1963,476,13475
0,12265,1169,0,13434
186,2491,0,0,2677
2513,7257,0,6978,16748
6987,0,0,2782,9769
0,6245,2251,3032,11528
0,1104,257,5327,6688
3393,4825,5070,0,13288
3985,0,5167,0,9152
8808,0,957,2244,12009
3458,8296,0,0,11754
6560,0,7578,3469,17607
2404,0,0,9471,11875
3736,0,0,0,3736
2157,2560,2659,6339,13715
0,10410,8325,1684,20419
0,7067,4643,677,12387
0,7393,0,773,8166
1158,3139,0,650,4947
0,5840,0,6102,11942
527,0,0,14611,15138
0,6023,2796,0,8819
3893,920,1443,3987,10243
8706,4756,9082,5878,28422
0,1655,376,468,2499
0,0,2690,5739,8429
7604,463,0,0,8067
3258,1509,0,1624,6391
4836,4451,0,1421,10708
0,5040,3930,1048,10018
7371,0,509,12977,20857
5291,0,3726,3859,12876
4359,2613,2593,4506,14071
2330,6453,1704,5980,16467
2177,6124,0,17380,25681
9247,7647,5250,2091,24235
0,3781,6484,4915,15180
9613,2069,0,11718,23400
5092,0,4662,4500,14254
977,479,2636,3083,7175
2969,1169,11016,8822,23976
0,0,820,2628,3448
2242,4680,1623,0,8545
4312,0,0,5001,9313
14824,4065,2455,0,21344
0,10422,3126,0,13548
8256,3668,5051,1223,18198
0,3258,12286,3292,18836
3737,870,7369,4715,16691
0,7019,10174,970,18163
910,0,0,6423,7333
0,0,606,0,606
4182,4570,8590,4638,21980
5740,0,1281,3132,10153
2547,0,14031,5119,21697
577,9224,4237,9366,23404
0,3168,0,3292,6460
5696,3766,0,3193,12655
4855,548,3003,0,8406
4830,3869,7419,0,16118
12022,0,4308,5845,22175
0,7907,4488,0,12395
0,4451,966,3146,8563
3409,0,3897,1078,8384
5062,9054,0,9663,23779
0,0,0,2760,2760
8199,11654,6934,3249,30036
811,607,12400,0,13818
2816,21425,0,0,24241
2991,1297,5202,2941,12431
5566,4765,0,5742,16073
2732,11051,4293,4175,22251
1723,3842,10814,0,16379
4569,0,8748,4925,18242
0,8316,0,0,8316
0,1840,1189,844,3873
1624,8731,0,3563,13918
0,5072,3348,10857,19277
0,0,2710,0,2710
0,12396,1118,1970,15484
5118,5350,11130,2311,23909
13315,10889,4823,1033,30060
5843,11335,1013,0,18191
4131,14827,4667,2987,26612
0,4918,2933,749,8600
10028,4226,0,4143,18397
6210,10676,0,0,16886
0,1738,3010,0,4748
3293,0,0,3155,6448
0,0,0,4473,4473
1609,0,5885,8664,16158
0,0,3280,0,3280
4221,4312,0,252,8785
2270,0,10398,3319,15987
6236,920,0,0,7156
0,3164,3532,4885,11581
7952,0,0,4544,12496
0,0,0,3355,3355
0,3896,3447,3758,11101
0,1178,3352,7909,12439
4075,0,2612,5384,12071
6592,5845,12128,0,24565
2899,0,489,5585,8973
0,4845,3370,0,8215
2992,7309,7463,0,17764
0,0,4376,0,4376
7205,2009,5414,0,14628
3149,8478,6264,1450,19341
10789,12485,3219,3370,29863
2571,4408,6863,5995,19837
9387,10782,5078,1051,26298
1682,11815,2898,4396,20791
1727,1664,2034,3295,8720
0,3753,0,1148,4901
4127,0,1522,1053,6702
0,2580,0,0,2580
5075,0,1898,16070,23043
1784,5145,4247,2800,13976
0,7978,6223,3009,17210
5098,0,2909,4928,12935
0,0,7751,0,7751
3123,0,0,5562,8685
0,1605,8653,7097,17355
3387,5026,890,1690,10993
7835,4063,0,2680,14578
0,1117,444,4520,6081
1613,0,2582,12499,16694
569,4075,9728,2570,16942
0,340,0,2617,2957
705,2768,4301,2309,10083
0,3654,4191,9612,17457
3991,11587,0,0,15578
8833,3255,1647,1694,15429
0,0,4417,5066,9483
0,6908,0,4735,11643
3863,0,3804,0,7667
8425,2222,4297,0,14944
0,1341,1498,1245,4084
1239,4198,3560,3354,12351
8168,7421,5711,1302,22602
4146,6496,6300,2325,19267
7251,5438,0,0,12689
1088,552,0,2815,4455
1986,3087,9891,10979,25943
0,4325,693,6441,11459
6759,5163,4819,5775,22516
4318,9295,0,11455,25068
2751,0,5032,8241,16024
0,1164,4185,0,5349
0,0,1467,3015,4482
0,964,2497,5076,8537
2261,1151,2673,5087,11172
0,13229,2134,12848,28211
0,3731,7268,1968,12967
5087,0,2340,8622,16049
6306,5390,3148,582,15426
8771,0,2203,0,10974
3428,5101,7110,0,15639
5316,3691,5523,0,14530
2434,6200,0,10332,18966
9016,0,0,5061,14077
5047,6253,0,402,11702
0,5713,0,0,5713
8850,3202,6034,1108,19194
0,4436,11479,3300,19215
2557,3175,3912,6461,16105
1371,2931,2811,4479,11592
0,2374,6820,0,9194
974,929,0,0,1903
5294,4461,6516,0,16271
5065,10491,9198,0,24754
0,8800,3679,8650,21129
11525,0,0,4674,16199
11466,4434,2336,0,18236
4355,5217,5931,0,15503
7521,0,6872,0,14393
0,7057,2947,759,10763
0,4352,0,12483,16835
7426,640,0,2386,10452
0,2613,1034,4495,8142
254,1915,9328,0,11497
3934,1494,5140,5916,16484
9781,0,8944,3578,22303
2193,3648,5199,1572,12612
4464,0,5806,1986,12256
0,3888,1603,4005,9496
3955,3505,12862,3403,23725
2169,325,0,527,3021
3249,280,1326,0,4855
0,0,0,184,184
3347,0,3563,2724,9634
2677,10170,3026,3489,19362
3400,0,5232,6091,14723
0,2926,0,0,2926
9606,10069,4944,4722,29341
0,7355,3662,0,11017
1620,3904,0,2000,7524
4638,10046,1054,4615,20353
1479,5867,0,0,7346
2947,2958,0,0,5905
7786,5535,3037,0,16358
10771,4167,0,5384,20322
0,13184,4000,14784,31968
6533,0,6554,4458,17545
0,3680,0,1670,5350
6153,0,0,4327,10480
8269,359,9234,0,17862
4916,4797,2890,0,12603
4929,3886,0,15206,24021
2522,8393,0,8389,19304
7878,6750,4304,4542,23474
4857,11100,1612,0,17569
2450,1941,0,6445,10836
3449,0,8259,4669,16377
1917,0,1404,7589,10910
0,5629,0,2014,7643
0,5023,4497,7264,16784
0,2764,0,986,3750
367,0,3176,1567,5110
0,4674,2536,3553,10763
0,0,762,0,762
0,0,1413,7051,8464
988,7236,0,3616,11840
6430,6860,2922,8643,24855
3159,0,8404,6539,18102
2199,4782,0,4075,11056
5630,10239,0,0,15869
0,7514,4266,6818,18598
2538,6995,5335,0,14868
4002,2792,6804,5807,19405
6226,2558,0,4471,13255
4736,0,4248,0,8984
0,4902,2583,5674,13159
0,404,1104,4937,6445
11048,7517,410,11820,30795
0,2483,297,0,2780
0,2795,0,692,3487
3131,2382,12776,0,18289
1954,0,3365,3601,8920
11086,3645,5461,4745,24937
0,4166,9512,2436,16114
3256,0,0,4331,7587
4480,0,7653,4443,16576
5153,4038,12490,1954,23635
6952,0,0,0,6952
2127,7354,0,6135,15616
3068,1882,4399,1639,10988
15400,9166,9289,3511,37366
2431,1869,4791,13174,22265
9244,4606,5112,5683,24645
0,0,4285,2207,6492
4083,0,4096,4500,12679
0,8016,2552,5017,15585
0,550,5357,1625,7532
1978,3616,0,7960,13554
0,0,10275,0,10275
1346,6704,6412,780,15242
1421,5869,2655,7481,17426
2610,0,8207,0,10817
4102,0,0,3970,8072
5975,4391,0,0,10366
12852,2124,0,4075,19051
3065,2989,0,0,6054
0,10375,3756,0,14131
0,3849,3222,4252,11323
8639,0,0,0,8639
5345,6040,0,5180,16565
0,4431,1810,4279,10520
1657,760,0,3348,5765
2516,1469,4011,573,8569
6896,0,949,642,8487
2674,0,4490,8810,15974
4810,2256,3910,10631,21607
5119,5953,4728,1119,16919
5215,2485,8265,1222,17187
302,4561,0,0,4863
854,4257,4261,4849,14221
2043,4314,2694,2500,11551
1246,1979,887,5148,9260
3956,0,0,5185,9141
0,0,0,3836,3836
5189,3357,2546,4706,15798
4365,668,1150,11588,17771
0,3307,5065,0,8372
4382,9701,837,948,15868
1116,0,2335,726,4177
3859,5963,0,11003,20825
3493,5148,2452,9738,20831
0,740,4014,779,5533
0,0,8311,8258,16569
12271,3439,6145,6083,27938
0,909,1407,2522,4838
10788,9317,6572,0,26677
6658,13595,550,0,20803
6181,5865,6564,3244,21854
2049,7178,2532,3326,15085
0,4590,0,7661,12251
3584,11144,0,4980,19708
2561,0,0,4425,6986
2734,8658,3345,0,14737
0,5258,7896,7416,20570
0,0,8296,2435,10731
4402,3797,6015,0,14214
0,0,0,2614,2614
5842,1355,0,0,7197
4225,0,509,3424,8158
0,6540,6712,726,13978
0,3035,1480,3042,7557
0,0,0,4312,4312
6781,0,0,11850,18631
3737,5407,3937,3839,16920
3011,9875,15023,8127,36036
0,0,4272,3224,7496
0,0,7003,2595,9598
6972,0,8370,2363,17705
15527,6063,0,9584,31174
0,0,11776,12502,24278
8242,7328,2866,0,18436
11783,2743,339,5055,19920
9052,6199,3899,3712,22862
0,0,0,755,755
0,3729,0,0,3729
0,2718,5065,4186,11969
3750,8391,4482,5364,21987
1535,4660,5297,0,11492
365,677,0,4846,5888
4394,1071,867,0,6332
6296,6259,0,5111,17666
7441,9419,4662,6801,28323
2913,7050,3192,6987,20142
0,0,1424,0,1424
2507,0,0,6116,8623
2014,0,1205,12642,15861
893,4829,0,2165,7887
8790,3072,0,4416,16278
1751,0,4552,5361,11664
3360,11053,6537,937,21887
4653,3814,2115,8946,19528
0,0,0,7039,7039
3490,0,0,0,3490
1409,5126,0,0,6535
0,3602,1235,2911,7748
0,5440,4337,1381,11158
3749,2194,5682,0,11625
0,2194,6394,3289,11877
4012,4045,3688,3809,15554
7304,0,4991,1436,13731
8025,0,5066,3270,16361
0,0,0,3483,3483
1362,4603,1957,0,7922
3178,3154,637,0,6969
9054,3270,1453,3201,16978
7724,8564,0,4585,20873
9201,12206,0,7932,29339
2935,4505,7855,0,15295
2063,0,6130,4523,12716
7399,3785,3349,0,14533
0,11369,0,11172,22541
4340,0,0,1129,5469
8957,0,3031,3788,15776
0,3394,3391,3458,10243
6976,2257,7762,3610,20605
0,1294,0,9672,10966
0,5033,6761,13830,25624
4458,8009,5092,2973,20532
0,0,0,4886,4886
6754,7458,20344,0,34556
2602,0,0,5210,7812
0,5164,0,0,5164
5930,2646,8465,0,17041
4913,3368,2318,4253,14852
10380,6920,9776,0,27076
0,8319,0,0,8319
4598,0,0,433,5031
3668,4804,5399,3706,17577
0,0,0,6943,6943
1249,3882,8005,0,13136
7987,9487,761,4746,22981
3272,1313,0,0,4585
2886,7050,10715,4290,24941
1233,2127,4693,4639,12692
4813,4967,13904,2350,26034
7088,0,0,2421,9509
1140,1747,0,1517,4404
0,4826,0,803,5629
0,8093,1997,429,10519
3915,4542,3883,4660,17000
5103,0,0,0,5103
0,0,0,1145,1145
0,2818,8322,358,11498
4461,12256,4197,7026,27940
7809,0,1361,8270,17440
4312,5203,4291,5194,19000
8844,353,8889,929,19015
1600,1056,3490,0,6146
3097,905,1866,9592,15460
0,4981,4956,784,10721
2292,4861,2880,5198,15231
5064,1870,2732,8792,18458
0,6028,0,3235,9263
6630,3374,1863,930,12797
6262,431,8634,0,15327
0,9876,0,0,9876
0,1790,441,4411,6642
2172,4435,4489,0,11096
1600,6583,6836,11331,26350
0,14673,11923,3961,30557
0,0,3151,0,3151
4291,0,8727,0,13018
4850,0,9232,0,14082
516,0,4825,536,5877
11535,2892,9820,1222,25469
2196,2280,8124,2037,14637
0,3879,0,1558,5437
5353,4071,1921,12452,23797
6042,0,8236,4179,18457
4520,0,3302,0,7822
4050,2254,11346,0,17650
0,5998,9447,5127,20572
4288,4987,574,3821,13670
0,5390,8853,5178,19421
4878,4740,3746,0,13364
0,4715,291,0,5006
8422,884,0,0,9306
0,3518,4922,632,9072
4384,0,0,5265,9649
0,0,11145,0,11145
0,0,2773,0,2773
4723,0,3142,4059,11924
1184,951,8136,0,10271
3685,3250,2640,4200,13775
0,6363,2373,3443,12179
3268,2329,0,9585,15182
0,0,10847,0,10847
4561,4124,4296,6436,19417
0,10091,1756,0,11847
0,0,2877,0,2877
8466,3560,8563,3417,24006
3585,3998,4960,0,12543
0,5071,3733,982,9786
0,1690,7501,1003,10194
3449,0,4534,0,7983
1655,0,4672,9684,16011
1425,0,7503,0,8928
690,5685,1373,0,7748
0,7637,11188,0,18825
0,3429,0,0,3429
0,5133,6997,7593,19723
0,5678,0,0,5678
6412,0,0,1749,8161
1061,1618,0,1050,3729
0,0,9388,220,9608
3089,3142,2312,0,8543
0,4690,13742,0,18432
1394,5440,7921,3265,18020
5757,0,2838,9967,18562
0,3216,2218,5622,11056
3411,6275,11423,4963,26072
0,5645,2315,2715,10675
0,2091,4950,6928,13969
2221,4960,5997,0,13178
8515,10698,5600,6777,31590
9425,3887,12629,10073,36014
4787,2395,0,0,7182
820,4798,0,2642,8260
5783,6948,8089,0,20820
0,2202,0,3768,5970
321,3746,0,1820,5887
3795,11555,3941,4218,23509
4388,5127,7071,0,16586
0,4166,0,0,4166
8491,2706,20128,3180,34505
7382,4259,11065,3990,26696
3638,0,0,0,3638
0,7333,5629,1246,14208
867,0,3808,16717,21392
2478,3080,3948,0,9506
6660,5262,6439,6983,25344
2341,0,3396,10381,16118
1071,1873,0,3307,6251
1901,4803,3063,1300,11067
10060,0,7966,1968,19994
0,4918,0,0,4918
2564,0,0,3436,6000
0,3879,4054,2420,10353
0,5130,0,618,5748
6821,5550,2768,0,15139
383,4635,7940,2801,15759
7573,2673,360,6483,17089
7398,8293,0,0,15691
0,0,0,6901,6901
3885,0,5566,2257,11708
586,16478,0,0,17064
3266,0,5060,5355,13681
10099,7193,0,0,17292
5258,1888,9087,0,16233
4423,4008,324,5621,14376
7814,7813,3536,0,19163
4590,0,1818,0,6408
3756,5844,5976,0,15576
920,0,7288,3389,11597
0,0,3651,755,4406
4382,0,0,10048,14430
6853,0,3683,0,10536
5219,3260,9802,7892,26173
10649,4890,6049,0,21588
0,4370,1039,0,5409
8609,4510,3712,2035,18866
0,5081,6370,0,11451
5713,8796,0,0,14509
1129,5773,8338,0,15240
4919,8144,7338,4564,24965
2528,2169,6614,3322,14633
0,0,0,3452,3452
3462,0,3531,0,6993
190,1492,0,7564,9246
5310,7072,4252,10339,26973
2577,22911,9043,3939,38470
4209,8728,2920,2863,18720
4102,0,2219,8503,14824
403,1051,6501,0,7955
5171,5601,0,4677,15449
0,0,0,7516,7516
5149,2049,8109,3868,19175
4604,1283,3147,0,9034
0,8395,8444,9275,26114
0,7199,7346,4581,19126
0,8440,2416,1437,12293
623,0,1286,0,1909
1782,7209,0,3591,12582
0,5725,0,5145,10870
0,2354,6356,4702,13412
0,628,5158,527,6313
5312,672,9068,2452,17504
0,3457,6241,4260,13958
0,3779,1502,3193,8474
10697,1639,3464,2279,18079
3219,3017,4639,6203,17078
2461,7585,1770,5573,17389
1911,0,1930,2607,6448
438,2795,3252,4066,10551
1601,6054,0,1345,9000
0,10353,6068,5915,22336
0,0,5218,3565,8783
0,3060,4307,7319,14686
2597,479,0,8924,12000
4810,5692,7051,5406,22959
3979,158,0,2304,6441
8308,0,0,513,8821
16936,962,3145,3202,24245
1578,1123,809,0,3510
7331,2108,9529,0,18968
4677,0,6131,3824,14632
0,3808,11082,4940,19830
776,3563,0,6474,10813
4130,0,825,4655,9610
9844,0,4338,428,14610
2516,5192,0,4977,12685
0,5066,2146,3209,10421
0,8192,3608,1907,13707
0,0,3647,5543,9190
4628,0,4668,0,9296
3792,5042,1470,3810,14114
415,4724,0,0,5139
0,1636,4460,549,6645
4475,3367,0,3418,11260
4717,0,0,0,4717
2309,4785,0,2840,9934
3857,0,2206,0,6063
0,0,0,5038,5038
0,0,5964,8075,14039
3372,2921,11030,4542,21865
4397,0,0,0,4397
1519,7219,1122,2094,11954
0,4307,4809,0,9116
6290,850,6888,4651,18679
0,780,0,4304,5084
0,0,9025,3611,12636
330,9483,0,4891,14704
2528,3965,23377,3414,33284
7081,0,10005,6827,23913
6917,1242,5132,3637,16928
0,3649,0,5018,8667
6128,9074,0,3406,18608
0,0,0,4784,4784
4711,1508,7413,4380,18012
14199,678,0,11358,26235
0,9768,0,0,9768
3364,6831,0,0,10195
0,1442,9050,1721,12213
653,1856,3354,4157,10020
4094,4930,3727,6230,18981
401,0,7480,4134,12015
0,1029,1237,5916,8182
7426,0,7861,9279,24566
4990,3755,5237,6757,20739
0,5002,4449,10642,20093
4278,4857,2619,1299,13053
1012,0,0,2797,3809
2986,4349,12342,1621,21298
0,6802,2585,3991,13378
3707,3902,1886,3253,12748
2608,0,1664,0,4272
0,0,3122,0,3122
2510,1889,926,8111,13436
0,0,3108,0,3108
4002,2716,4297,2317,13332
1320,3009,0,4563,8892
969,7416,5177,6088,19650
4756,220,9146,7164,21286
0,0,0,6187,6187
3766,2353,3869,10327,20315
615,13248,3217,3546,20626
3908,4878,6107,3587,18480
0,5914,5765,3076,14755
14330,4470,5293,1426,25519
0,6252,4653,1774,12679
0,1740,840,1872,4452
0,0,1131,777,1908
8507,0,3014,4384,15905
2385,0,0,0,2385
6903,3149,2297,0,12349
6450,0,7198,3819,17467
2042,4278,8248,0,14568
3398,1378,0,0,4776
2735,4743,1768,2732,11978
14788,317,5639,7736,28480
9053,4150,4662,5263,23128
0,3071,0,4294,7365
0,0,7643,11059,18702
321,0,2463,8121,10905
2877,7120,4908,0,14905
10383,4868,7604,0,22855
1401,6353,6120,0,13874
3431,4574,7115,9832,24952
0,4730,5128,0,9858
0,6473,0,0,6473
0,0,6435,5015,11450
0,4018,1998,1583,7599
0,5509,569,0,6078
0,2932,1818,8760,13510
8407,0,0,7902,16309
0,5298,0,5222,10520
1632,6492,14361,6261,28746
7385,0,2605,7681,17671
0,4158,6963,0,11121
8992,3835,516,2048,15391
5011,10878,3844,8991,28724
10682,1690,6656,4417,23445
3527,6899,4097,5029,19552
0,245,3642,4404,8291
9998,14861,0,1661,26520
0,0,4858,9206,14064
0,0,6062,6117,12179
0,5493,4860,10886,21239
4427,4313,2209,573,11522
0,1298,3963,1360,6621
0,5255,8730,3919,17904
9593,10642,6401,4958,31594
0,801,1270,4305,6376
0,0,0,3338,3338
5072,5117,4015,4626,18830
4934,0,4796,0,9730
4246,1401,9315,1736,16698
4025,0,4585,2549,11159
0,2629,764,12094,15487
0,0,8705,8421,17126
0,2360,0,1756,4116
2333,4578,0,0,6911
1757,0,2863,6583,11203
4123,3313,6018,3776,17230
0,5872,5077,12996,23945
0,6288,3145,0,9433
849,6591,3544,901,11885
6865,0,306,4647,11818
1679,0,1873,2862,6414
3684,4347,0,0,8031
2215,7374,554,10012,20155
5442,1520,2219,3614,12795
2910,10684,12672,11651,37917
3178,1706,0,0,4884
8254,926,0,2405,11585
0,0,3304,1849,5153
5319,7817,0,4996,18132
4017,0,0,0,4017
7454,7745,4327,6092,25618
4073,0,2905,0,6978
0,8018,5087,2186,15291
0,3770,0,2755,6525
1302,0,7589,0,8891
1160,300,0,2323,3783
0,1610,3563,4801,9974
0,0,0,5781,5781
8162,0,11851,9883,29896
6841,4388,0,4594,15823
4426,4455,8880,5613,23374
10952,4774,5563,0,21289
0,4815,0,4914,9729
10207,3561,0,3351,17119
0,251,10202,13267,23720
0,0,0,6960,6960
348,3712,5771,2683,12514
3029,5078,3398,0,11505
0,4339,8678,1442,14459
5124,991,7076,17143,30334
1591,694,8686,5169,16140
4759,2512,0,2636,9907
0,2772,0,6075,8847
9897,0,3803,5277,18977
11333,1494,2383,3986,19196
7667,2805,0,0,10472
0,0,2804,0,2804
0,1452,11059,4328,16839
2152,3243,6572,0,11967
0,7300,5317,0,12617
3852,7422,10997,3937,26208
0,0,4755,3607,8362
10636,9159,0,1049,20844
3898,3307,10243,0,17448
0,0,0,7021,7021
11563,1749,1440,0,14752
14335,5029,0,3042,22406
0,9545,2368,2144,14057
6633,0,0,0,6633
8811,0,4891,4193,17895
0,0,2363,3530,5893
4466,3265,549,3505,11785
8669,0,12073,10352,31094
0,0,13131,1264,14395
10398,1250,0,394,12042
0,3286,7451,5473,16210
0,0,0,2415,2415
5861,0,5329,1878,13068
5722,712,5439,7193,19066
13785,11523,1748,0,27056
0,9505,3899,0,13404
5719,4858,0,11631,22208
1678,0,0,951,2629
0,9980,7673,0,17653
3708,4061,12349,0,20118
5736,0,1363,10553,17652
1609,4758,432,5198,11997
0,2343,1150,5251,8744
0,4600,0,4018,8618
0,4493,0,0,4493
0,4113,9165,352,13630
8333,0,0,0,8333
7658,2518,7685,864,18725
5185,0,3072,7615,15872
8441,9334,4545,1707,24027
0,3194,1687,678,5559
1146,3139,0,0,4285
0,0,7678,3834,11512
4368,3977,11677,0,20022
975,0,1516,0,2491
0,8707,4315,0,13022
2982,230,4949,0,8161
0,0,3135,0,3135
8940,7080,4587,0,20607
1362,8600,1873,0,11835
7838,4629,13927,5265,31659
3838,4745,0,11009,19592
0,1188,6110,2451,9749
0,12106,4957,5105,22168
2345,4173,1948,0,8466
0,5428,4596,2298,12322
0,2591,0,2174,4765
1972,490,0,3884,6346
3932,0,6771,5932,16635
0,8755,3954,0,12709
605,6858,0,6732,14195
0,13107,5070,11139,29316
7670,8765,4072,7148,27655
7180,0,5388,1719,14287
435,0,4801,3481,8717
4561,3814,2580,5197,16152
4000,818,3160,0,7978
1165,2919,2318,0,6402
3464,7808,3571,1990,16833
0,2984,0,2685,5669
3040,3868,0,1698,8606
4708,2205,6341,0,13254
623,1942,2311,2159,7035
1885,0,1804,894,4583
0,7998,7181,0,15179
5571,0,2664,0,8235
4434,1498,0,2249,8181
2131,6775,0,4348,13254
10010,3156,5146,0,18312
9515,2658,0,641,12814
5057,548,3682,0,9287
0,13079,6340,0,19419
0,0,0,2989,2989
16994,0,7025,1206,25225
0,11263,1981,7112,20356
325,4118,3687,6331,14461
11768,0,6151,3305,21224
6456,0,305,1316,8077
0,2890,1820,12293,17003
0,3855,1484,9727,15066
5233,0,3178,0,8411
3437,6872,0,2310,12619
1481,3562,4500,5611,15154
3585,1201,4011,10064,18861
4072,4187,17768,603,26630
0,4295,10581,2938,17814
2227,3384,6347,4514,16472
1092,757,3809,2048,7706
0,8848,9463,4725,23036
0,11024,7183,4356,22563
10577,4783,4350,1316,21026
8100,3830,2615,0,14545
5678,8547,3516,13008,30749
861,4346,3872,0,9079
12659,0,6333,0,18992
0,0,5082,3380,8462
2190,1104,6579,7839,17712
4904,0,3925,9697,18526
4279,8238,9959,1887,24363
3359,9897,747,5139,19142
0,0,4476,3265,7741
8603,835,7681,2280,19399
7285,4992,0,0,12277
3690,5373,2221,5176,16460
3822,1826,1148,4109,10905
3021,4679,0,3035,10735
0,2501,2154,13594,18249
0,0,0,4012,4012
0,1096,0,4334,5430
4974,4577,0,3873,13424
7540,3116,769,0,11425
4070,6890,4270,2947,18177
0,3750,1531,5899,11180
3833,0,0,0,3833
0,692,6409,2879,9980
1312,2499,4987,0,8798
6551,0,3449,716,10716
0,1195,3542,9117,13854
0,1854,3019,0,4873
2781,0,795,5259,8835
14238,5160,5101,4788,29287
4973,0,0,4607,9580
4516,7216,10021,0,21753
0,0,11402,701,12103
4802,4102,0,9767,18671
0,3714,2186,7787,13687
5957,0,3538,0,9495
3800,2126,0,2782,8708
2034,0,2114,1749,5897
4526,0,2178,0,6704
2102,8329,4152,3039,17622
241,0,6129,0,6370
1268,516,8944,0,10728
0,0,12977,0,12977
0,0,4629,4116,8745
0,2088,3436,3088,8612
5278,0,2535,5127,12940
0,2255,6630,3126,12011
0,3324,17133,5019,25476
4841,2676,0,0,7517
3205,0,5340,4105,12650
0,4872,0,8494,13366
8505,5248,2503,221,16477
4544,11091,0,4860,20495
5316,1230,0,0,6546
3296,1601,11880,3204,19981
4485,0,0,4886,9371
9315,900,2945,4540,17700
2290,0,3284,7012,12586
0,0,4331,5768,10099
3412,358,5374,2381,11525
0,0,3781,0,3781
6764,10132,0,3032,19928
1747,461,9018,462,11688
2017,4266,6978,10298,23559
598,3340,2807,3030,9775
6980,1614,0,0,8594
9069,1296,4942,5280,20587
8999,0,1206,0,10205
0,3968,4093,6203,14264
0,5302,3404,12386,21092
3548,4904,0,1502,9954
2741,171,1820,5980,10712
3205,3201,0,4181,10587
5415,6580,5010,4235,21240
6115,3256,2093,7613,19077
0,1302,0,577,1879
3745,3508,4507,3823,15583
4009,6994,4190,5247,20440
4762,7996,6408,8558,27724
0,5072,0,1189,6261
5048,1289,2301,2476,11114
4578,1238,11589,2870,20275
9013,0,0,0,9013
4606,0,0,2521,7127
0,4686,772,1555,7013
1236,5934,651,0,7821
11081,8352,0,3299,22732
2154,5254,1034,0,8442
0,5622,0,4314,9936
3411,1788,3055,4000,12254
0,0,2484,3358,5842
4835,8555,2880,6304,22574
7846,0,6131,5394,19371
5404,0,9846,13935,29185
370,0,0,7056,7426
9373,5155,4878,0,19406
0,946,3255,0,4201
0,4441,0,5268,9709
6906,8527,10899,783,27115
0,0,0,2365,2365
0,3100,4200,1050,8350
5240,3976,5142,2532,16890
2349,2459,1987,4027,10822
0,10845,919,2326,14090
1461,2439,3818,0,7718
0,8862,4004,0,12866
1456,10024,3798,2570,17848
6231,0,1922,3756,11909
6384,442,3399,0,10225
5980,4592,5867,4738,21177
6482,4274,2373,3848,16977
2718,25371,5057,0,33146
4247,8805,1397,11204,25653
984,4418,1602,3828,10832
1969,1711,2706,9778,16164
0,0,2914,3981,6895
3762,6136,613,0,10511
6406,3020,335,4701,14462
0,0,3817,2206,6023
3971,2659,1075,4482,12187
2386,5179,3400,0,10965
1888,3316,0,3547,8751
7945,4915,3778,2852,19490
0,5713,888,17979,24580
2464,0,4935,2197,9596
23055,8917,601,7290,39863
4735,4819,11110,2068,22732
0,8794,4049,10341,23184
0,1175,6110,6477,13762
4124,0,227,5561,9912
0,8317,5440,4931,18688
6253,9453,2408,4071,22185
3788,9933,0,9730,23451
2855,0,0,1438,4293
544,4307,17754,1175,23780
2059,4371,4218,0,10648
7310,3603,3215,0,14128
2585,2992,0,6472,12049
5441,0,0,0,5441
5068,3232,0,0,8300
0,8575,5039,4384,17998
0,4617,1388,2992,8997
0,9132,6050,10082,25264
4404,3799,4623,3091,15917
4871,1476,0,2414,8761
7389,0,1206,7528,16123
0,0,3925,10121,14046
4792,4601,2868,12303,24564
4983,4362,4421,10673,24439
0,1917,0,7908,9825
2759,398,0,2760,5917
0,2704,1392,7561,11657
1769,903,3897,7061,13630
3510,2141,5798,5141,16590
11541,178,5122,7197,24038
0,1658,6775,5099,13532
5845,0,3529,648,10022
7181,10276,3098,2671,23226
0,517,6064,0,6581
5558,3284,8552,4082,21476
3685,0,1916,431,6032
0,0,6518,13327,19845
2259,5387,1130,0,8776
0,0,0,3062,3062
1732,2789,0,2487,7008
8007,4380,0,4278,16665
2956,1237,0,4926,9119
3085,6816,8708,9634,28243
0,7366,2137,0,9503
5326,1609,5953,0,12888
7968,8209,1599,1411,19187
924,0,3758,0,4682
1952,7740,3809,8518,22019
10163,4527,5064,0,19754
0,4738,1274,2765,8777
0,3817,0,1174,4991
4858,8725,0,6931,20514
11770,4831,12761,5760,35122
0,8850,0,5592,14442
0,3322,3052,3857,10231
6549,0,0,0,6549
4055,4274,4047,6774,19150
2722,7217,0,0,9939
4673,12313,1526,0,18512
5239,2488,16560,6724,31011
1926,0,2983,2490,7399
3065,4187,383,0,7635
0,5184,0,873,6057
284,0,4152,2012,6448
912,0,711,11107,12730
4393,3288,8964,2317,18962
8866,5991,4548,4239,23644
0,7955,5250,299,13504
0,4368,4715,0,9083
2121,9481,7235,2573,21410
5164,2906,0,5016,13086
1743,2022,3414,0,7179
1925,1982,5641,0,9548
4336,5132,0,7390,16858
7014,6205,10017,4670,27906
8048,2422,5073,13913,29456
0,2906,0,0,2906
2730,4582,5349,3884,16545
4083,4036,0,0,8119
0,2988,8522,3629,15139
3970,7575,3532,0,15077
3931,0,1742,1802,7475
4344,0,2595,0,6939
0,5566,0,0,5566
5691,8185,5757,4063,23696
0,4834,4698,5264,14796
0,5939,0,3710,9649
4194,14048,3840,1259,23341
12551,2725,0,593,15869
7116,3490,1640,6087,18333
10616,2307,1909,1428,16260
839,9341,0,5226,15406
5116,5635,0,0,10751
4119,4844,7600,0,16563
4149,9075,0,0,13224
4109,2022,7142,1287,14560
6192,0,4906,7886,18984
7563,4532,2142,11251,25488
0,1416,0,1159,2575
1080,1263,7187,3904,13434
3456,0,3604,0,7060
4583,1726,3748,0,10057
3861,2489,0,0,6350
3352,6880,0,1750,11982
2141,2190,9343,10714,24388
3107,0,3116,974,7197
3805,2162,4244,0,10211
0,1419,6376,2103,9898
1545,3194,8861,1314,14914
2320,955,3813,6986,14074
0,0,4669,1468,6137
4087,3679,4212,697,12675
577,7284,2324,1362,11547
4969,0,1330,6198,12497
0,3086,4109,3187,10382
8043,5041,3118,4277,20479
4821,0,5588,1897,12306
1267,9158,0,7829,18254
0,3831,4479,0,8310
2950,0,3192,2417,8559
0,2061,0,868,2929
3780,4773,3353,751,12657
905,7965,4597,1355,14822
0,0,949,4691,5640
3756,2978,0,661,7395
4461,0,5108,810,10379
1820,0,495,0,2315
4684,0,9036,4994,18714
6262,0,3032,0,9294
3091,0,6623,7079,16793
0,1557,0,420,1977
3607,9050,0,0,12657
12866,4119,403,1849,19237
0,8971,0,4373,13344
11535,2017,0,533,14085
0,17152,3159,1293,21604
0,12832,1637,473,14942
0,6422,4009,1615,12046
2815,0,10531,1950,15296
5339,3958,599,8496,18392
6284,5990,1145,2209,15628
0,4041,0,872,4913
3060,0,4102,4210,11372
3934,1336,1359,3859,10488
4932,6144,9645,8341,29062
337,479,5491,0,6307
0,0,821,6297,7118
9787,555,3610,0,13952
4443,9240,4398,4960,23041
0,6391,329,8579,15299
4826,6141,0,473,11440
0,1761,0,10178,11939
6917,9117,0,3417,19451
0,0,9795,4543,14338
314,811,0,4630,5755
2058,0,3951,9731,15740
4622,7360,3955,4968,20905
2059,0,882,2961,5902
4191,6092,4517,549,15349
0,2484,0,2460,4944
3246,3503,2686,0,9435
4237,0,0,0,4237
4271,1819,0,5106,11196
0,0,1428,1703,3131
11632,5587,0,0,17219
5896,0,4590,0,10486
0,5080,464,13504,19048
1486,0,7100,5897,14483
10445,4537,8850,11063,34895
15420,4134,0,0,19554
0,9325,3445,2424,15194
5070,9998,561,0,15629
0,0,4708,0,4708
6075,1766,807,10623,19271
2716,4603,4309,0,11628
3516,2964,10950,2428,19858
2261,4380,10081,7231,23953
1443,0,5076,0,6519
14267,0,6057,0,20324
1358,5909,3213,1638,12118
0,0,2424,5045,7469
8529,4824,939,4510,18802
4423,4208,4187,0,12818
5800,3148,3582,4678,17208
2296,5300,7504,7708,22808
11317,1580,1151,2032,16080
978,8915,4156,3553,17602
1643,4020,3931,0,9594
6921,4473,2231,10895,24520
0,0,7705,7420,15125
7932,0,3721,2745,14398
7750,0,6672,0,14422
2772,0,5322,0,8094
7361,1382,4484,0,13227
0,5028,668,0,5696
12782,7578,0,5585,25945
11776,8209,0,1819,21804
5255,1216,383,0,6854
7143,2320,3684,0,13147
0,3645,6290,338,10273
9171,0,0,0,9171
7012,164,0,13229,20405
0,3457,7988,5622,17067
3957,5677,0,2434,12068
4821,0,7400,5209,17430
0,8784,0,2255,11039
1957,4139,14104,4736,24936
4576,1136,0,12417,18129
2795,0,3608,2812,9215
0,0,3313,9260,12573
4144,1469,4510,2970,13093
7830,5543,0,0,13373
0,361,0,5559,5920
12698,7000,0,0,19698
0,0,0,4829,4829
7343,346,0,7248,14937
5080,4516,3157,1431,14184
5499,0,6320,0,11819
0,984,4095,0,5079
4445,2187,7891,0,14523
3043,0,5498,2209,10750
6919,3272,1320,2739,14250
0,3866,0,0,3866
3503,0,0,0,3503
0,0,2273,12868,15141
4889,3125,3788,6227,18029
8714,423,1672,1737,12546
0,0,0,2283,2283
3454,2848,3025,541,9868
0,4091,12243,3655,19989
0,0,9134,4336,13470
0,0,1223,4962,6185
6998,0,4841,0,11839
177,9362,0,3787,13326
2983,0,9433,10844,23260
1835,4912,5806,3950,16503
5236,4235,6538,0,16009
8153,0,859,0,9012
2366,7978,4423,4017,18784
4403,0,787,3284,8474
4739,0,4034,4396,13169
1217,4757,0,0,5974
726,0,5674,7392,13792
645,0,1715,0,2360
2123,0,3539,0,5662
0,0,400,2593,2993
545,2583,0,4380,7508
7717,1956,1082,1474,12229
3412,3693,3222,0,10327
591,1423,861,6236,9111
0,0,1335,5664,6999
23308,6351,3408,3645,36712
0,5091,656,756,6503
3453,8622,0,1264,13339
9778,0,8204,1717,19699
993,0,8266,6686,15945
965,0,6737,12170,19872
6667,4647,8679,3190,23183
0,0,4548,0,4548
0,8366,7178,1806,17350
4925,3733,1372,0,10030
0,0,0,10369,10369
2018,4070,0,2347,8435
0,263,3769,472,4504
1907,3677,0,0,5584
8725,0,6361,0,15086
5531,0,366,1337,7234
367,1552,7971,9207,19097
8518,4261,0,0,12779
7113,6353,1968,2632,18066
5308,1386,0,9200,15894
0,0,2137,12149,14286
0,4662,0,10701,15363
4722,0,262,0,4984
15916,0,6557,0,22473
3706,923,3132,0,7761
0,13017,13351,0,26368
2713,1090,0,0,3803
426,880,0,2448,3754
0,0,5906,8417,14323
0,0,7758,4202,11960
9461,0,2894,1678,14033
2487,1666,4597,2552,11302
2472,3943,0,0,6415
2634,6039,0,4141,12814
5334,2371,0,8225,15930
0,0,3565,5033,8598
9425,1616,148,4436,15625
2775,558,0,9324,12657
2100,2586,0,6191,10877
0,0,2811,1027,3838
0,9911,0,1205,11116
0,5076,4272,1990,11338
0,0,9325,0,9325
0,10104,0,0,10104
556,0,2548,225,3329
587,448,4043,4246,9324
4188,4795,10124,0,19107
0,5166,5266,3247,13679
0,0,2425,9270,11695
6028,4138,8171,5526,23863
8257,4595,4861,1361,19074
11625,11639,1967,1125,26356
4670,6671,13076,3013,27430
0,10396,7325,2729,20450
4752,13896,1829,3442,23919
5038,0,3977,4634,13649
4535,3008,3287,4819,15649
4813,7603,0,1743,14159
0,6058,5810,2298,14166
0,3249,7337,4893,15479
320,4872,9337,3175,17704
14426,12535,0,2196,29157
4933,0,0,8147,13080
0,1440,0,0,1440
6430,7909,2800,8129,25268
6611,4779,2691,2761,16842
5400,0,3387,7633,16420
4563,296,0,0,4859
5914,5221,12080,0,23215
3529,6102,9551,5872,25054
12424,7744,6357,0,26525
6093,4819,5050,3881,19843
6966,2121,1095,4706,14888
2004,0,3288,0,5292
3089,0,0,0,3089
11599,0,2516,0,14115
10472,707,0,1238,12417
3829,2658,1863,0,8350
2525,0,0,8054,10579
0,10391,0,0,10391
5179,12950,3842,0,21971
0,3785,5546,0,9331
2880,2209,3833,4372,13294
2330,4163,7282,8488,22263
318,0,0,1049,1367
0,0,3762,0,3762
3503,1401,7238,4861,17003
5957,649,3479,3948,14033
4036,8476,1053,5496,19061
4344,6883,8173,0,19400
7202,0,0,3169,10371
0,660,15442,6336,22438
0,0,1910,11872,13782
6021,5949,6455,0,18425
9009,2256,2674,0,13939
1634,0,3319,6684,11637
2725,12879,3843,0,19447
0,244,2544,2566,5354
0,3726,0,0,3726
3959,0,3278,4784,12021
1262,0,0,2408,3670
4201,4914,170,0,9285
4968,0,3023,2280,10271
0,5640,0,0,5640
1231,4839,1505,6421,13996
6019,0,2425,11087,19531
7821,8266,976,11158,28221
0,3180,4074,10041,17295
0,1564,5105,5105,11774
1653,0,3147,14096,18896
4209,0,6568,11479,22256
0,3825,4741,0,8566
0,5671,0,6133,11804
657,0,2304,0,2961
8558,5175,17885,4388,36006
2843,2009,11491,4342,20685
4752,2012,9298,1370,17432
7155,3875,3660,7462,22152
4460,0,0,0,4460
0,0,5908,6199,12107
10441,0,4999,7897,23337
15281,0,13829,13297,42407
5046,6381,6514,3228,21169
1499,2779,0,0,4278
5909,1268,6545,5791,19513
4665,5590,875,5495,16625
1160,568,2364,13013,17105
661,6349,0,864,7874
7649,5496,0,0,13145
3527,4523,2603,3701,14354
0,4640,10167,8859,23666
0,0,4732,1741,6473
0,3591,0,2047,5638
319,0,4191,9531,14041
8995,0,1128,1036,11159
5916,11939,2491,0,20346
3405,5583,0,2644,11632
4517,775,5241,0,10533
0,3460,0,0,3460
5178,4181,0,3792,13151
3083,0,6915,4374,14372
8550,0,1683,0,10233
6786,1164,5330,5187,18467
0,3657,4686,2875,11218
6324,0,0,7855,14179
1155,0,4653,0,5808
414,5116,816,12636,18982
0,0,4609,5939,10548
0,2840,0,11232,14072
4473,506,0,7047,12026
4105,269,0,1606,5980
0,15276,3563,2844,21683
7049,6052,3106,0,16207
3325,7204,8982,2319,21830
15509,5185,0,1784,22478
7361,7322,0,0,14683
5285,4793,8277,0,18355
0,0,7734,2527,10261
0,2582,4400,3794,10776
0,5955,3704,2050,11709
9098,8700,9332,4357,31487
8636,0,0,0,8636
998,7573,4614,1415,14600
5266,0,7686,6203,19155
5807,0,12576,4520,22903
11526,8860,3774,0,24160
0,5360,0,4562,9922
2296,3873,3955,3260,13384
0,0,8170,0,8170
5318,316,0,0,5634
6266,2637,3537,7525,19965
4386,9900,2533,0,16819
7475,11076,0,10486,29037
10655,1636,713,4727,17731
3001,1625,0,0,4626
3542,2653,2121,5282,13598
0,0,7489,3156,10645
8016,4576,5040,8936,26568
3410,7106,1055,848,12419
1860,9281,4706,10627,26474
0,2914,13913,0,16827
4856,848,0,5635,11339
4066,1366,0,3967,9399
0,0,4898,3368,8266
4714,1812,4049,0,10575
2437,7442,2948,2548,15375
10238,3181,4843,0,18262
4760,4365,5112,752,14989
0,7474,0,9171,16645
0,0,1246,2433,3679
1118,5014,5092,10014,21238
0,4094,1084,4295,9473
10107,6632,0,0,16739
0,4595,0,0,4595
18353,5312,10237,0,33902
0,0,8268,9211,17479
0,3064,0,3364,6428
0,2428,1633,0,4061
434,4154,0,6120,10708
850,0,0,1015,1865
0,13729,3573,0,17302
2646,2798,7301,10002,22747
8228,2258,1877,5112,17475
2828,0,2748,13045,18621
11949,3384,8392,0,23725
0,4616,4618,937,10171
1288,9071,7706,0,18065
0,5001,0,0,5001
4962,0,0,845,5807
0,0,7500,1488,8988
0,3579,2024,2448,8051
0,4593,0,0,4593
0,8551,18567,12714,39832
4802,5878,0,15592,26272
0,1366,3729,0,5095
3699,11623,7929,7958,31209
2350,3987,935,8570,15842
2666,1301,6223,2107,12297
4048,0,8312,2581,14941
1262,0,3743,0,5005
0,6584,7654,766,15004
2360,8208,3952,0,14520
5120,0,0,1323,6443
1658,0,4406,3225,9289
2546,2855,2888,0,8289
5556,675,0,2110,8341
0,9463,17087,3553,30103
5221,1256,782,0,7259
0,9215,2501,0,11716
6518,1403,0,0,7921
10320,858,5076,5200,21454
7311,1751,0,0,9062
0,0,2097,4927,7024
9153,4044,0,6814,20011
0,0,0,6324,6324
1039,5536,5780,1525,13880
3365,0,3745,3438,10548
880,2984,1143,0,5007
0,0,4779,0,4779
3844,6664,1913,10531,22952
8418,0,0,2122,10540
398,6159,5937,3937,16431
7286,5174,0,1752,14212
9518,1431,0,0,10949
0,3076,0,1904,4980
0,0,546,3623,4169
3677,0,1976,8544,14197
2819,4836,7018,0,14673
5544,293,5093,0,10930
0,0,0,2895,2895
4188,4855,4404,0,13447
1685,9209,4608,7876,23378
3006,4164,531,1311,9012
1559,8636,0,0,10195
1415,0,12722,2062,16199
3054,0,5001,0,8055
3083,11015,1955,0,16053
3685,3049,5845,5431,18010
10666,1982,5382,8998,27028
2854,0,4284,3359,10497
0,5540,3896,4297,13733
0,5661,4790,6845,17296
1335,4334,0,1888,7557
0,2376,4906,2911,10193
0,193,7827,8699,16719
3742,1567,0,3171,8480
4703,4788,0,534,10025
2989,6692,7732,4292,21705
2473,5622,6967,9592,24654
0,8518,0,5073,13591
0,3562,2768,3831,10161
3849,5958,0,4564,14371
10352,6574,0,5155,22081
5169,8869,692,2487,17217
3645,3518,0,0,7163
3308,0,0,0,3308
10020,6551,0,6228,22799
5199,0,3066,5942,14207
3159,8060,9875,3356,24450
1177,8140,1517,2395,13229
4740,1434,1139,4281,11594
0,2130,8376,9318,19824
0,2791,5965,8735,17491
4626,11411,2121,1454,19612
7214,4966,0,0,12180
0,2971,3243,1828,8042
0,3350,2578,2848,8776
4402,5029,0,4798,14229
2318,3630,9980,803,16731
3790,5860,11314,0,20964
4802,4403,4219,7037,20461
0,650,9335,2061,12046
0,14159,4667,13514,32340
4963,3164,9592,0,17719
3038,6085,2001,5568,16692
2685,6714,703,0,10102
0,0,4448,501,4949
0,8724,6623,4916,20263
5086,2836,3890,2986,14798
0,3530,0,3597,7127
5122,0,0,3287,8409
0,7339,8016,6035,21390
0,0,10921,5376,16297
172,0,2383,0,2555
2190,0,5600,846,8636
5862,0,15048,4867,25777
8413,4611,4937,592,18553
903,941,2300,0,4144
0,0,1991,7155,9146
3856,3909,7133,1231,16129
0,3487,7733,8074,19294
0,14479,8871,0,23350
811,3109,8570,5701,18191
0,3823,3869,0,7692
4546,0,9729,4081,18356
0,1639,9586,0,11225
652,996,2617,0,4265
728,7066,4618,1153,13565
5424,0,685,4705,10814
5591,0,3267,687,9545
0,4323,5407,2204,11934
4716,0,3237,3173,11126
2671,11168,1955,0,15794
6151,1369,0,8510,16030
1389,829,4244,0,6462
752,10131,2975,4856,18714
0,4130,991,8105,13226
1776,4871,914,0,7561
5376,6037,0,0,11413
9339,0,3708,9532,22579
0,0,7747,0,7747
2016,9902,474,1920,14312
0,4553,9300,0,13853
0,2312,4942,1860,9114
0,3782,2112,2537,8431
4265,4131,279,1171,9846
0,2408,0,2138,4546
2560,498,11435,0,14493
0,10491,0,0,10491
1451,4437,0,3589,9477
1481,821,3111,0,5413
0,9108,7092,5194,21394
3596,3562,0,0,7158
3767,0,7223,8832,19822
3635,2316,528,4734,11213
9077,8995,8107,5069,31248
4112,3905,0,6006,14023
2142,2641,0,1416,6199
4195,260,8074,1997,14526
6370,5644,6444,7662,26120
10273,0,0,0,10273
259,545,4763,4408,9975
8089,0,0,412,8501
4925,0,0,6906,11831
0,1136,1554,3333,6023
1485,3162,0,3584,8231
3270,0,5051,5778,14099
0,1734,2982,2262,6978
956,15103,0,3725,19784
5437,4755,6030,3092,19314
4490,3201,15391,2717,25799
0,3892,0,5154,9046
3111,4842,1675,5500,15128
2831,2055,3481,0,8367
0,8740,0,8785,17525
2684,8324,3304,7775,22087
3192,0,1651,6992,11835
0,2460,6218,7924,16602
4691,8247,0,11837,24775
917,0,796,11966,13679
2196,4206,4004,2711,13117
0,7249,3866,1984,13099
0,0,7865,5192,13057
4950,4185,4585,9069,22789
10547,0,0,1961,12508
1915,0,0,2551,4466
0,3366,0,2675,6041
1319,0,3719,5577,10615
4471,3989,0,4724,13184
4238,7833,0,1716,13787
3548,2093,3263,0,8904
0,9056,2919,6829,18804
2685,3788,2445,0,8918
2353,3933,0,0,6286
932,3322,4691,5027,13972
3531,5874,5388,0,14793
0,685,3292,1062,5039
867,4717,0,4657,10241
1339,1757,4775,1342,9213
2054,6662,9286,2870,20872
6781,5673,833,7560,20847
0,0,2345,4074,6419
2674,5050,645,13554,21923
5469,3506,4061,3043,16079
9577,7273,3045,0,19895
4147,8375,0,0,12522
1057,1363,0,626,3046
0,3712,0,5733,9445
0,0,5887,7150,13037
8589,10287,6017,4620,29513
0,2752,2445,1146,6343
4240,7471,0,4926,16637
547,4254,6022,5260,16083
0,0,5232,8104,13336
8225,4509,8196,7688,28618
0,3682,2447,0,6129
3281,1823,0,431,5535
3517,0,6330,2696,12543
5676,10481,0,3438,19595
285,5240,0,0,5525
4314,3747,0,7984,16045
0,1153,0,717,1870
2160,1912,0,0,4072
8132,0,5381,10505,24018
3715,2987,7311,5102,19115
2971,3017,3583,0,9571
7620,0,0,0,7620
7834,2259,0,0,10093
6974,7432,1036,2458,17900
8826,480,4274,0,13580
2797,1206,0,6232,10235
1732,3281,0,3596,8609
5372,2472,732,4376,12952
0,0,12145,2291,14436
3185,0,0,6711,9896
5143,0,13010,2639,20792
8450,2341,0,3779,14570
2787,5149,0,1580,9516
756,0,0,9704,10460
4171,12856,2251,0,19278
527,6327,4479,536,11869
0,0,11197,10389,21586
0,4816,0,1970,6786
1527,0,0,6095,7622
8214,3835,7826,4940,24815
4240,5010,15285,4843,29378
661,5267,3623,0,9551
3224,2141,0,5866,11231
0,0,1798,11356,13154
2363,8778,1941,7261,20343
3171,8679,1275,5101,18226
2823,8081,4468,3839,19211
1661,7688,8511,7043,24903
880,4463,2613,10478,18434
2071,0,2825,0,4896
3978,4588,5381,3290,17237
4999,4218,4013,2563,15793
8095,4307,0,598,13000
257,3130,767,3837,7991
0,0,5033,7129,12162
0,12446,281,0,12727
4225,0,9695,0,13920
3422,2610,4853,7289,18174
0,3998,6482,4342,14822
13868,2431,7738,0,24037
3023,2969,0,8322,14314
2071,210,5950,4246,12477
364,2884,9775,841,13864
0,6084,0,0,6084
6215,5864,1762,1712,15553
3656,4179,5185,0,13020
5388,5058,778,462,11686
1977,3765,2143,0,7885
7931,1015,394,1264,10604
0,6142,7348,8295,21785
5173,3071,8006,0,16250
0,0,4551,4686,9237
0,0,2270,6983,9253
4726,7584,0,14409,26719
2952,4450,5484,0,12886
7120,4382,6221,11253,28976
7025,3864,5071,11493,27453
4850,10624,0,1718,17192
0,880,5573,2096,8549
2928,2067,1941,3856,10792
6564,0,4272,4522,15358
3356,388,1898,2409,8051
3019,5202,8357,0,16578
6298,1578,8899,0,16775
5120,0,8080,0,13200
1144,0,0,0,1144
1221,0,3433,9328,13982
0,0,3536,5035,8571
0,5685,0,0,5685
4598,1583,7804,1038,15023
2046,0,0,0,2046
8545,7213,2197,5126,23081
2405,3821,1622,0,7848
6757,0,4055,0,10812
1975,3513,4487,4416,14391
0,0,0,4047,4047
4118,0,2942,1050,8110
1074,0,0,8400,9474
10136,2770,8623,0,21529
2589,9268,0,0,11857
691,1977,1434,2007,6109
0,10885,0,697,11582
8211,4068,0,4646,16925
2932,9911,0,1581,14424
1487,2093,3481,2630,9691
2274,4508,11657,9034,27473
0,2298,9105,0,11403
5185,6807,2801,4500,19293
2049,4459,3281,1336,11125
7879,0,0,9039,16918
8698,2126,0,0,10824
4379,2504,4544,1531,12958
3662,4911,0,0,8573
6190,2616,0,0,8806
6887,3749,729,0,11365
842,6273,2151,0,9266
5894,6350,296,5576,18116
0,6017,11860,5060,22937
1910,8683,8154,0,18747
6643,0,5980,0,12623
0,12398,0,0,12398
1594,0,620,3369,5583
7578,3208,4895,8795,24476
0,1766,0,2956,4722
2293,267,0,1355,3915
2531,4494,2314,8641,17980
0,6366,0,967,7333
4887,8224,0,5940,19051
0,7799,0,0,7799
6416,0,4923,4558,15897
4509,0,3206,0,7715
0,4943,0,0,4943
0,4723,6073,3692,14488
5103,0,0,2891,7994
0,1365,0,4829,6194
1357,0,3904,4808,10069
1014,7074,1051,12096,21235
8517,1183,0,0,9700
5886,9100,4840,947,20773
0,7924,4913,0,12837
2864,5575,2555,0,10994
0,9026,363,1557,10946
6188,5009,0,5414,16611
1626,2533,7020,0,11179
676,5627,0,2579,8882
0,2379,14663,2849,19891
9708,0,11190,0,20898
3206,2173,0,1083,6462
5229,5040,5191,0,15460
0,3000,0,687,3687
4968,1787,0,3848,10603
2881,5519,0,4755,13155
0,4132,2267,0,6399
7684,1633,15091,0,24408
4781,1626,4949,7597,18953
301,450,0,4083,4834
1627,6973,0,5893,14493
0,0,4582,1259,5841
4823,2872,9362,10181,27238
4991,0,3134,0,8125
0,1093,0,6322,7415
14071,4364,3134,0,21569
9137,0,3370,6169,18676
1985,11722,3420,0,17127
2473,11722,0,0,14195
0,8083,3497,0,11580
2907,9221,6650,5124,23902
0,4856,3244,6142,14242
6185,6376,5463,0,18024
7633,7148,3815,4439,23035
0,0,6289,0,6289
0,4402,2363,400,7165
5159,0,2470,2842,10471
1683,3785,5138,5752,16358
1426,5301,0,1356,8083
6996,0,2133,5764,14893
3787,0,354,0,4141
8136,2186,0,2485,12807
0,4078,4945,10594,19617
2221,1711,0,3683,7615
3014,0,4673,3512,11199
2271,7441,2860,0,12572
755,4042,0,3712,8509
7181,9339,15601,3310,35431
0,5379,0,847,6226
769,0,0,5140,5909
506,2527,0,1909,4942
3638,3028,6672,0,13338
12833,5561,0,6987,25381
0,2466,5788,1989,10243
6022,0,0,9715,15737
0,7375,0,0,7375
0,0,8285,0,8285
3112,0,0,0,3112
5055,3925,11592,1943,22515
6726,4789,4137,3339,18991
5635,4371,8078,5282,23366
0,4737,0,2455,7192
333,5011,582,2908,8834
0,0,3859,1200,5059
0,1489,0,0,1489
7973,9946,2188,0,20107
1927,6629,2188,15688,26432
0,4250,0,4646,8896
4157,5249,2525,2772,14703
1364,5058,0,8600,15022
3816,6650,5009,3111,18586
1276,0,7264,11163,19703
11411,6407,5306,0,23124
0,4973,0,7342,12315
0,7842,3085,4534,15461
1377,3069,0,466,4912
0,1117,5260,0,6377
3533,0,4214,0,7747
1856,802,8900,4091,15649
0,0,0,6859,6859
6484,0,4386,3389,14259
0,0,4587,0,4587
4988,0,0,981,5969
0,0,4734,0,4734
0,2749,571,5083,8403
11322,6476,0,2355,20153
0,211,0,2451,2662
3568,5557,9882,4002,23009
753,9211,7399,1311,18674
0,0,5813,3086,8899
361,4633,5780,1945,12719
3160,0,0,3675,6835
1085,332,4193,4611,10221
2773,0,4635,242,7650
6067,9750,2222,3570,21609
13120,0,5151,6617,24888
3515,0,3779,0,7294
4618,1209,0,1343,7170
4387,7939,9523,1952,23801
0,510,0,10500,11010
8557,874,3349,10482,23262
2415,4949,3939,0,11303
4935,4108,952,17451,27446
0,2636,0,0,2636
886,3286,4499,234,8905
3158,0,17888,0,21046
0,605,3890,3673,8168
5135,3132,1643,15214,25124
3374,6891,3663,3571,17499
18280,8075,0,0,26355
952,0,0,2740,3692
3138,0,11504,3014,17656
5933,0,5115,2475,13523
4356,6894,4021,3639,18910
5334,5724,5013,4284,20355
0,4215,4627,1659,10501
2090,5431,7082,7965,22568
10475,0,2286,2898,15659
11218,1978,3965,3123,20284
0,1907,9153,0,11060
4125,0,3557,0,7682
9645,1576,0,8627,19848
384,10342,3031,7089,20846
5248,4567,0,1799,11614
7704,3454,0,13292,24450
671,3203,4460,0,8334
3876,3893,0,4840,12609
4897,0,5676,0,10573
0,0,3002,1384,4386
0,0,6195,0,6195
8054,11659,1071,3185,23969
2167,2206,7884,5092,17349
1399,3427,3158,2099,10083
3846,4609,3943,12928,25326
4438,0,1948,7413,13799
4349,8370,0,4901,17620
4233,6270,4985,10320,25808
0,1709,0,2268,3977
665,0,8383,3460,12508
0,2569,5100,5409,13078
0,0,5075,0,5075
2181,6901,8601,1750,19433
1388,6385,4708,4359,16840
0,3412,0,1758,5170
2900,6337,0,0,9237
5176,5006,3335,1935,15452
4083,5130,0,1920,11133
2569,4517,0,8738,15824
4831,0,0,1577,6408
7466,0,14407,0,21873
1361,10878,991,0,13230
2774,3991,3614,4455,14834
3673,490,887,3696,8746
4599,9208,0,2723,16530
7370,3929,6888,3381,21568
2002,4975,0,3707,10684
3110,2567,0,1261,6938
3591,0,1732,0,5323
0,5285,3992,12235,21512
1671,1939,4995,5698,14303
7792,0,0,7774,15566
1048,1306,8833,0,11187
445,5211,5664,2562,13882
0,13081,7399,0,20480
0,9717,0,10386,20103
2748,0,0,2864,5612
4446,5069,8013,7245,24773
334,705,3895,4529,9463
3950,7309,5214,5301,21774
2151,2103,0,7845,12099
4586,1970,1418,10740,18714
6679,4267,0,1173,12119
3670,0,0,8556,12226
8464,2753,0,0,11217
2167,0,1128,7352,10647
3144,3609,3522,7598,17873
7683,4230,4290,4164,20367
5656,0,4499,0,10155
2642,4940,1650,0,9232
8763,0,4005,0,12768
2163,0,4514,8759,15436
3344,0,0,4256,7600
8942,5080,0,0,14022
7379,1934,2266,9990,21569
5989,4524,0,3850,14363
3995,2210,1668,5171,13044
9614,2946,4884,0,17444
7897,10866,507,0,19270
9980,5516,6233,881,22610
0,4504,2256,3875,10635
4346,5318,1047,7239,17950
9604,1089,4060,5806,20559
0,3590,0,0,3590
9852,4664,4052,2562,21130
6701,4894,2779,0,14374
2142,5562,6175,2259,16138
801,1255,4209,0,6265
0,3731,5010,0,8741
8242,3067,1644,2723,15676
11288,0,1034,8896,21218
3424,0,0,4914,8338
0,7906,1209,927,10042
6235,0,6333,0,12568
2430,4031,0,4335,10796
1093,0,5258,0,6351
1880,6107,9223,1503,18713
3608,4479,0,2369,10456
6032,0,4948,0,10980
1692,4580,676,8691,15639
3420,2324,1095,6332,13171
3651,0,6775,1930,12356
0,0,0,8967,8967
0,4477,3162,7011,14650
5420,0,1057,2635,9112
9685,7886,7984,0,25555
1660,609,5024,3840,11133
0,7115,4515,0,11630
5473,5148,0,1700,12321
1578,0,13397,0,14975
0,0,0,1522,1522
1603,10331,2009,0,13943
0,0,1193,0,1193
0,0,11698,3857,15555
0,907,4378,3468,8753
3781,8175,0,0,11956
337,8916,1520,923,11696
0,4044,4204,7867,16115
2113,4282,1413,4764,12572
0,9287,0,8166,17453
0,1545,9268,616,11429
3292,10510,5385,9654,28841
0,569,4952,7711,13232
5227,0,3419,2368,11014
0,0,5650,9867,15517
0,1627,0,1722,3349
2606,0,2708,1744,7058
2499,3593,813,0,6905
6721,1093,0,0,7814
5623,1157,1726,11868,20374
3294,0,8387,4853,16534
9096,0,5253,0,14349
3611,1976,5211,4991,15789
0,0,0,4930,4930
6899,0,0,430,7329
3594,10082,8066,3106,24848
593,0,0,3695,4288
6517,7383,577,12346,26823
5373,0,4294,0,9667
2923,7150,2040,8544,20657
4220,1774,2742,8364,17100
0,0,8627,1241,9868
0,0,3992,0,3992
10621,3321,3457,2301,19700
3920,5706,0,997,10623
4153,1722,5005,12290,23170
2734,9907,0,748,13389
5980,3903,7103,5912,22898
7562,3967,0,0,11529
0,5114,1099,4092,10305
3151,0,5048,5243,13442
1887,1534,0,0,3421
2721,2577,6188,0,11486
3320,778,6359,0,10457
0,1904,3703,0,5607
1421,0,5091,2401,8913
4940,3276,0,0,8216
9266,3922,0,3668,16856
4992,0,2727,1368,9087
4452,6280,2684,0,13416
3987,0,5585,5007,14579
3233,2741,4007,0,9981
0,3834,3532,0,7366
0,0,5980,0,5980
1548,1793,0,471,3812
5912,5509,0,12385,23806
7222,0,4423,1971,13616
4333,1345,0,3244,8922
1875,0,0,0,1875
1942,4912,4268,0,11122
4651,4757,1893,1900,13201
0,1483,9609,0,11092
3377,1907,5476,0,10760
3828,0,0,6730,10558
4241,3551,1581,0,9373
10263,0,8917,4835,24015
1721,1701,0,4466,7888
0,7984,3103,0,11087
9376,3291,614,3496,16777
2195,0,0,4558,6753
8019,0,0,1899,9918
4713,0,0,5130,9843
0,5396,1038,7988,14422
5106,0,15068,1349,21523
0,4546,3521,0,8067
2355,2082,2940,0,7377
5428,0,5663,4824,15915
2479,2350,4641,0,9470
3488,0,0,878,4366
7798,1861,3007,821,13487
772,0,6087,4064,10923
1849,8416,2372,6408,19045
5680,3877,5058,2905,17520
0,870,10315,1902,13087
9926,9867,6096,0,25889
8138,2828,4479,6947,22392
0,2068,0,5208,7276
689,11391,5520,4544,22144
920,0,0,2205,3125
7046,0,4399,0,11445
2416,0,0,2633,5049
5235,3667,3792,16408,29102
3114,974,9406,3894,17388
10437,4047,4211,4844,23539
10417,2992,4717,2275,20401
449,3151,3982,10740,18322
3131,1635,1285,4271,10322
492,0,4969,1150,6611
1360,0,3097,0,4457
0,0,1872,1453,3325
0,11560,0,2145,13705
3989,5147,0,0,9136
4748,0,3806,0,8554
4740,0,4802,3235,12777
4243,5121,5656,2904,17924
4429,13423,0,0,17852
4372,0,0,1400,5772
5152,0,0,2469,7621
0,4988,942,0,5930
2162,6334,4074,6151,18721
0,0,4752,4702,9454
1999,0,1523,6761,10283
0,0,0,2348,2348
0,3982,406,3058,7446
535,0,4463,1302,6300
0,1771,6585,0,8356
1545,0,6856,3513,11914
0,0,1088,3596,4684
7304,7835,0,0,15139
0,7354,0,4803,12157
12009,0,10259,5053,27321
9310,3940,6341,4827,24418
2465,0,0,0,2465
6250,1120,0,6847,14217
6193,0,2780,4814,13787
7923,1411,11101,1990,22425
0,1267,0,2220,3487
0,8970,1424,0,10394
6113,8333,0,9152,23598
9738,0,3335,0,13073
6695,4681,4077,6125,21578
4176,11348,0,0,15524
0,6804,0,0,6804
0,4586,1704,3409,9699
3246,2160,0,3722,9128
1723,1984,5281,0,8988
3702,0,0,0,3702
2719,3773,6775,0,13267
0,0,12386,6139,18525
983,2150,4798,10903,18834
254,7251,4776,1610,13891
6084,4423,1689,4819,17015
1448,9948,5248,3042,19686
2115,2596,0,3692,8403
5915,3026,10244,13422,32607
5221,10870,0,5870,21961
3289,0,0,0,3289
6631,0,1977,5875,14483
4015,0,0,6069,10084
0,1744,2951,3497,8192
7848,5033,0,1867,14748
5246,2861,0,0,8107
0,9752,12819,3643,26214
0,0,0,778,778
6636,4017,140,1151,11944
3418,0,0,8510,11928
0,0,0,3156,3156
0,4621,11902,3079,19602
1110,0,242,0,1352
11442,0,0,8291,19733
0,3591,9017,2384,14992
4516,5412,0,0,9928
6838,7675,1630,0,16143
4718,4792,4434,0,13944
2174,5631,0,5732,13537
0,5030,0,2509,7539
4640,0,2011,1894,8545
0,0,0,3980,3980
0,6294,2777,10036,19107
3356,0,3123,0,6479
4581,3395,4802,14046,26824
5157,0,3272,0,8429
10031,0,0,0,10031
7964,0,2728,3606,14298
9436,2854,8960,5077,26327
0,4967,0,2981,7948
7599,0,4762,1849,14210
3474,7330,3189,5912,19905
4173,11823,7248,2723,25967
4539,3027,2618,0,10184
0,1419,7050,11149,19618
4163,6363,2190,2241,14957
5299,6373,2113,2629,16414
2359,4078,1769,1304,9510
4996,3318,4115,1083,13512
7620,3871,6141,4115,21747
0,3524,0,0,3524
4448,0,513,6292,11253
0,4677,4956,0,9633
3019,11161,6185,10521,30886
3968,495,0,0,4463
0,1803,0,0,1803
3702,1901,4689,3022,13314
1489,11468,3795,5114,21866
1487,0,1593,2092,5172
0,537,6696,4211,11444
0,7268,1883,0,9151
3328,1149,5220,4118,13815
5995,1119,6686,0,13800
6424,3122,5147,1080,15773
4366,487,0,0,4853
6769,0,425,3197,10391
5594,0,7019,0,12613
0,5977,4343,5141,15461
0,4662,4855,2966,12483
3964,4617,1688,0,10269
0,0,5005,0,5005
9358,0,9266,5938,24562
10517,0,9526,0,20043
0,0,7380,0,7380
11956,0,3448,4545,19949
1638,0,0,4118,5756
15063,0,1461,2031,18555
318,1548,0,1892,3758
704,0,7615,0,8319
0,797,3033,250,4080
0,1168,2992,1659,5819
4759,6788,0,0,11547
11314,9286,4602,0,25202
0,10145,993,4703,15841
1641,0,1830,4918,8389
0,2671,5716,2840,11227
4833,5931,0,0,10764
679,0,3087,8561,12327
1349,397,3455,1387,6588
1416,5194,4476,0,11086
0,0,6552,0,6552
2865,4283,4611,3642,15401
1601,9063,4545,9662,24871
2246,9268,3950,0,15464
1987,0,0,12824,14811
6166,7709,6493,1404,21772
0,9583,0,0,9583
0,1461,2398,238,4097
2208,6662,4855,9355,23080
2973,5173,4873,3204,16223
2894,10352,5259,2270,20775
3619,8058,4851,0,16528
2326,8787,0,6719,17832
3333,6714,3821,0,13868
0,0,5567,4009,9576
1261,4493,4119,0,9873
2940,0,4365,291,7596
2383,743,7469,5489,16084
1818,2102,8942,0,12862
5755,0,0,11086,16841
3958,10117,0,4968,19043
4831,2578,6512,0,13921
4755,339,3821,7029,15944
6215,0,3060,4688,13963
3494,1578,5099,0,10171
0,2231,0,1384,3615
9495,4215,0,6311,20021
880,0,5229,10812,16921
2442,0,0,2594,5036
0,4428,10288,0,14716
3976,0,0,7266,11242
730,1944,0,1977,4651
0,2444,6117,8085,16646
0,10826,0,4559,15385
0,0,0,777,777
2255,4441,3546,0,10242
0,0,8999,2948,11947
0,4509,6569,11440,22518
0,8408,14068,0,22476
2093,0,7937,8456,18486
3575,2774,4479,0,10828
4210,7832,0,0,12042
0,1163,0,0,1163
5656,7746,12180,0,25582
4622,0,0,3200,7822
0,11430,6158,0,17588
0,1518,2876,4891,9285
3689,4845,1723,0,10257
1676,1743,0,4254,7673
4591,7241,6669,8403,26904
0,12182,0,0,12182
2152,7449,4229,1759,15589
9767,7707,17709,1117,36300
525,5089,2207,9777,17598
3857,9838,1613,0,15308
1831,1189,6013,5011,14044
2430,1784,3850,2094,10158
1914,3602,0,743,6259
5156,10343,13921,0,29420
0,4501,2089,9307,15897
9026,7866,0,2377,19269
7920,3365,0,0,11285
12818,8396,0,0,21214
3270,6008,0,2236,11514
0,0,0,5021,5021
321,10959,6436,11670,29386
2102,4251,1129,6439,13921
0,8301,21631,14517,44449
1276,3949,3105,2974,11304
5467,0,5043,5730,16240
0,3783,4937,10094,18814
9192,3915,4375,7310,24792
7321,0,3408,6779,17508
3128,1662,0,287,5077
4177,3393,2068,2547,12185
6408,0,0,0,6408
3938,11153,7025,0,22116
4199,3784,0,4611,12594
5158,2398,0,4836,12392
0,3064,7561,9443,20068
0,0,5483,3048,8531
0,312,4806,811,5929
3409,0,4866,0,8275
0,2780,4098,0,6878
2839,0,5483,3659,11981
10386,0,1226,1452,13064
4983,0,7904,1349,14236
4204,0,2383,7606,14193
4166,8619,3345,0,16130
0,0,7136,1232,8368
3524,8320,7236,298,19378
0,5128,1884,1303,8315
0,4215,5423,2034,11672
0,6107,9987,9637,25731
3018,6064,0,6999,16081
4458,0,3529,1607,9594
13353,3165,0,1015,17533
12196,9407,0,1986,23589
0,0,2218,3158,5376
1473,0,4243,4419,10135
4087,0,0,4284,8371
0,3117,7250,7855,18222
5604,14764,0,11538,31906
5642,0,4681,3015,13338
5885,0,3763,0,9648
10844,7594,4195,1042,23675
5154,0,2732,0,7886
4369,5313,1188,0,10870
0,4999,3320,4217,12536
4928,2226,0,5875,13029
6702,3916,0,0,10618
5927,0,0,5829,11756
2463,9084,0,0,11547
5783,0,0,3697,9480
4086,4804,15186,3247,27323
5129,0,3951,2593,11673
0,4185,4653,5810,14648
5308,0,1444,0,6752
4070,4250,0,1795,10115
4942,0,3036,7245,15223
3791,3168,3195,6244,16398
3055,5535,0,177,8767
5722,3316,0,2811,11849
1060,0,3936,785,5781
0,0,9127,6681,15808
0,5307,4711,5617,15635
3219,4751,0,11680,19650
744,7049,8429,9232,25454
0,0,4220,2940,7160
387,0,3486,3606,7479
2203,4402,0,0,6605
1541,0,1451,6029,9021
0,0,1836,1933,3769
5642,0,0,1915,7557
0,5447,0,4131,9578
2626,805,4143,4566,12140
5579,1468,0,0,7047
768,0,2915,0,3683
9824,4664,5484,0,19972
3697,0,0,1502,5199
2520,0,7747,1205,11472
13142,15253,10211,3175,41781
5459,0,0,0,5459
3495,7134,0,5083,15712
8730,3802,8838,0,21370
0,0,2250,0,2250
1676,1618,12717,0,16011
12723,0,0,5076,17799
0,1763,0,5994,7757
3848,2954,5952,10914,23668
0,0,4190,0,4190
0,11532,3615,2685,17832
16605,4184,9114,0,29903
0,5132,0,6539,11671
2329,8177,8649,11984,31139
4118,0,3827,4412,12357
7134,5339,8760,3458,24691
3496,2166,7708,0,13370
0,0,1191,2007,3198
0,9707,0,10449,20156
3677,1986,0,0,5663
0,19986,4476,13455,37917
2592,8802,0,0,11394
1283,6661,8439,992,17375
5395,0,2794,3082,11271
6472,4841,4519,1342,17174
3521,8696,3185,0,15402
6317,0,2468,2856,11641
811,0,4523,0,5334
0,3105,2833,0,5938
0,4924,2682,2160,9766
4703,8085,5027,0,17815
6867,0,0,8416,15283
1175,12540,4121,10182,28018
0,15482,3743,4660,23885
4992,1728,2167,2272,11159
5891,0,7150,3977,17018
4241,7331,8209,0,19781
2230,0,0,0,2230
2220,358,0,3153,5731
3358,1450,11619,1392,17819
9002,5088,4640,2931,21661
11307,2839,4732,3758,22636
1160,1451,0,4097,6708
0,0,0,4213,4213
6619,835,2678,2320,12452
7861,670,0,7758,16289
1153,609,0,2245,4007
4853,4312,9308,0,18473
0,4265,4354,8515,17134
0,4113,1989,4821,10923
7546,4533,4009,5053,21141
1544,10267,9882,6043,27736
693,6820,4167,6748,18428
284,6591,14752,0,21627
8091,5664,0,6690,20445
7143,11030,2064,4394,24631
7272,0,864,4040,12176
2023,0,0,978,3001
1373,6187,1121,3921,12602
0,5092,6551,0,11643
878,2954,3688,0,7520
3842,2835,717,2107,9501
3953,0,0,2197,6150
1921,0,1666,1644,5231
2546,0,0,5940,8486
0,1952,9564,4012,15528
0,7981,6617,0,14598
2863,2948,6854,2347,15012
1415,5246,9200,4185,20046
1153,1898,6276,718,10045
0,0,4521,13700,18221
4567,3077,1997,7319,16960
0,6263,4499,3535,14297
3184,0,656,2701,6541
3958,5549,6050,2862,18419
2017,4719,2847,2501,12084
3298,0,6728,11886,21912
5231,979,4218,11396,21824
0,2605,0,6588,9193
0,7284,302,4726,12312
6300,5013,7801,3995,23109
4289,0,1334,0,5623
4463,1344,2819,5796,14422
7209,5281,0,816,13306
3117,7672,387,17012,28188
0,12817,0,3526,16343
0,1398,0,0,1398
0,5977,4672,9395,20044
3963,5087,3774,3210,16034
2759,0,0,698,3457
140,4070,7269,181,11660
0,8359,6041,7421,21821
5281,0,3244,2590,11115
12253,0,3262,8369,23884
11003,9848,1409,3884,26144
1510,1567,1200,943,5220
7573,4672,7101,4480,23826
11557,11293,3468,0,26318
1994,5075,5287,3762,16118
2662,0,11176,524,14362
0,4777,0,0,4777
6678,0,351,1925,8954
3975,2179,12033,0,18187
5056,4342,4168,0,13566
4384,0,3811,0,8195
8521,0,4641,302,13464
2125,0,4754,1947,8826
2481,5116,0,0,7597
0,0,8245,3987,12232
733,3288,0,8704,12725
1838,8452,2881,739,13910
7970,4771,10271,697,23709
7668,0,2443,9491,19602
2944,4356,0,0,7300
4661,5300,2813,5490,18264
391,8618,584,4247,13840
0,370,903,7073,8346
3327,2100,8421,4626,18474
8465,644,4085,8076,21270
469,0,6403,4070,10942
0,2373,4602,4524,11499
2318,6285,2104,4575,15282
517,422,5142,0,6081
1149,5951,1596,0,8696
0,16883,2303,3124,22310
3805,10050,15268,922,30045
4230,6975,0,3616,14821
599,8303,8850,8154,25906
2280,1829,3012,0,7121
8249,3876,5080,3795,21000
0,322,3845,11598,15765
0,2747,2046,2615,7408
8437,7101,5491,1002,22031
8863,0,5370,1293,15526
8825,0,4170,8708,21703
0,3750,0,0,3750
0,4187,3409,683,8279
1565,7479,0,5992,15036
12830,1851,7396,1394,23471
1527,1198,3774,5786,12285
4112,5738,6248,204,16302
3427,4650,0,1098,9175
7891,3502,5178,0,16571
0,0,0,4962,4962
417,0,7421,10199,18037
2187,7655,0,0,9842
4958,8054,0,0,13012
6036,0,9900,0,15936
4677,2434,4370,0,11481
8219,5086,5354,0,18659
1206,5465,5188,0,11859
6180,0,3484,0,9664
1888,7308,0,0,9196
11721,2570,0,0,14291
1214,10054,9175,0,20443
1166,0,0,1955,3121
3650,0,5126,3567,12343
3045,11951,23661,4044,42701
4088,0,0,0,4088
5024,8474,0,2481,15979
2216,1425,1131,5283,10055
6114,4286,12888,0,23288
6743,2986,7186,0,16915
519,0,5556,0,6075
7809,4866,4827,7538,25040
254,4189,3253,5091,12787
13770,7056,4425,4566,29817
2529,503,2339,3155,8526
4818,1803,0,3375,9996
6918,2424,2158,1743,13243
1374,4910,1936,0,8220
4706,5179,10223,0,20108
714,378,4370,2801,8263
0,7802,975,8307,17084
0,0,4226,0,4226
1769,0,0,0,1769
0,1466,6123,0,7589
8265,893,0,17630,26788
0,7214,0,0,7214
4422,2074,1960,5423,13879
3888,1862,6990,392,13132
8293,1013,0,12037,21343
14375,712,4233,5189,24509
0,5462,3480,7871,16813
5794,289,10923,3569,20575
681,0,3327,10116,14124
3103,4444,0,2533,10080
0,435,0,1747,2182
3208,0,0,4167,7375
0,2681,4258,0,6939
1860,2272,9294,3107,16533
1215,1118,0,7216,9549
1657,4000,833,9228,15718
4874,1282,0,0,6156
0,0,4770,9304,14074
0,0,8228,0,8228
5216,2434,7062,511,15223
4670,0,5007,7650,17327
0,336,16114,3351,19801
0,11381,0,4951,16332
0,4100,0,6118,10218
0,9065,0,0,9065
8983,1952,5830,0,16765
5070,0,1403,0,6473
10117,1568,19739,1394,32818
0,7009,0,1788,8797
0,4802,0,856,5658
0,3244,4428,0,7672
503,0,0,0,503
0,4251,4395,4975,13621
0,0,2409,0,2409
1313,2432,4167,2097,10009
0,0,6006,1868,7874
2457,0,0,6986,9443
5050,5299,6126,0,16475
4046,0,3784,0,7830
5131,1383,0,0,6514
317,1832,0,0,2149
0,7644,4477,2982,15103
4925,196,0,3084,8205
4677,6163,2558,0,13398
5230,3241,869,1659,10999
553,1413,7134,2974,12074
8322,223,6820,0,15365
2739,0,13373,2976,19088
8117,3160,11938,2425,25640
0,0,5728,3861,9589
0,0,0,5792,5792
3695,0,8966,3919,16580
2476,13000,7930,4376,27782
3736,0,8676,1511,13923
5843,5002,5823,2465,19133
4750,0,2648,0,7398
0,4071,0,1739,5810
7745,0,4500,0,12245
715,0,826,771,2312
4797,2120,3409,0,10326
6561,2738,9597,4518,23414
6106,5815,1810,0,13731
6932,4688,0,7587,19207
3609,7748,4536,2772,18665
1166,0,4891,4547,10604
6409,828,0,11599,18836
0,1381,3940,4467,9788
6154,6374,9513,8656,30697
3572,0,3818,0,7390
2467,1059,0,8434,11960
3918,2454,590,0,6962
4404,1581,8637,3272,17894
2588,0,3693,5201,11482
637,3838,2116,7103,13694
1179,0,4878,0,6057
0,9551,1238,4906,15695
3684,8760,8467,0,20911
3580,0,722,0,4302
0,1094,2096,6070,9260
793,4927,7528,3837,17085
3670,10872,369,3977,18888
0,6884,4583,6985,18452
5159,8679,1013,2619,17470
2645,2680,1290,8732,15347
1946,0,3521,216,5683
0,365,0,4091,4456
7517,8144,6315,1499,23475
3714,0,8721,6764,19199
0,0,1265,2949,4214
3778,210,3397,0,7385
0,640,1581,1687,3908
0,6870,4220,11857,22947
9754,3362,0,5309,18425
0,8709,0,579,9288
0,0,2360,0,2360
549,6563,3912,1762,12786
0,2020,0,0,2020
6819,5059,0,2962,14840
2119,5248,4491,8513,20371
7965,3015,0,1898,12878
0,8588,8655,4710,21953
0,10171,898,0,11069
3028,2319,2438,4907,12692
9847,4692,0,6376,20915
0,0,5214,959,6173
0,4393,1737,6609,12739
0,0,4197,0,4197
1061,2904,0,0,3965
5246,0,10858,4409,20513
5143,2262,6990,3175,17570
4313,2165,2898,4880,14256
0,0,5376,9005,14381
3138,0,0,5028,8166
3811,4680,3887,1717,14095
1802,3729,0,8501,14032
5731,0,311,0,6042
8266,6210,5597,3310,23383
0,5707,4292,3258,13257
4414,11634,9685,7462,33195
5698,8026,0,0,13724
5085,10550,6787,0,22422
0,6493,3566,1701,11760
505,2520,0,0,3025
0,0,2809,0,2809
2783,5953,0,2922,11658
6163,0,2524,299,8986
0,6937,9685,1701,18323
2289,4469,5705,2778,15241
4507,11670,4468,562,21207
2339,412,0,4967,7718
2933,0,4584,0,7517
1144,3542,0,12046,16732
4930,3561,2361,5725,16577
2790,0,0,9121,11911
5222,0,598,4449,10269
5104,2805,9044,7146,24099
0,6517,5197,7963,19677
4099,0,5718,3566,13383
5293,0,5005,9262,19560
1724,0,8499,4954,15177
4319,0,554,5475,10348
6399,1840,4697,4849,17785
5137,2405,0,2697,10239
7251,5043,3777,3325,19396
4374,4607,0,10132,19113
0,0,1292,9785,11077
1211,2643,4736,4068,12658
2113,0,2536,4777,9426
6045,0,0,3143,9188
656,1643,0,516,2815
0,1263,1480,3972,6715
3407,2670,8102,0,14179
6526,0,4711,1406,12643
6906,3255,2797,0,12958
359,0,0,2086,2445
679,2418,0,1675,4772
4644,5819,8439,1974,20876
0,0,13318,4002,17320
5854,0,1910,0,7764
178,0,5225,0,5403
2560,7673,11822,0,22055
0,0,7800,0,7800
0,0,1999,1092,3091
1755,7005,4445,5281,18486
3872,6006,0,0,9878
0,0,5107,8016,13123
9226,2323,9177,0,20726
1774,2595,6014,9275,19658
3755,8846,16800,0,29401
12592,0,5268,5147,23007
2781,2128,9783,5254,19946
6715,4758,5024,310,16807
0,6195,0,360,6555
921,0,4129,2094,7144
0,5110,8942,0,14052
2605,0,3577,0,6182
0,0,7670,1983,9653
14216,9320,3846,1726,29108
1010,2189,0,6131,9330
4046,5666,0,4816,14528
1618,0,4689,10609,16916
3474,0,4940,0,8414
3920,2855,9607,8806,25188
2154,0,4092,3734,9980
5016,0,11215,0,16231
0,5400,12206,500,18106
7687,1821,3306,0,12814
0,0,0,5501,5501
0,3450,3991,1456,8897
9964,470,7469,0,17903
5713,5682,4842,141,16378
433,0,4591,6739,11763
6218,4051,5231,0,15500
2179,6067,0,204,8450
1265,0,0,2190,3455
1483,4000,0,0,5483
0,2560,863,2016,5439
4831,2533,2987,2742,13093
1445,0,3745,0,5190
0,0,4979,8804,13783
6537,1940,0,4976,13453
0,0,3850,844,4694
0,0,4163,2020,6183
0,1394,7939,1059,10392
0,0,8460,2428,10888
2540,0,2538,0,5078
0,495,0,2390,2885
10912,6489,0,7698,25099
0,3268,0,0,3268
2850,0,0,7616,10466
1036,1314,0,0,2350
0,1492,2157,718,4367
7099,3705,0,3505,14309
4330,4258,5363,0,13951
15132,4107,2802,0,22041
4188,11800,0,1390,17378
817,0,4084,0,4901
2583,6880,0,2184,11647
6171,8018,2807,6472,23468
0,1039,2225,10810,14074
0,4556,7599,0,12155
8991,0,12261,3251,24503
4538,4943,5121,2046,16648
4118,2296,6879,0,13293
638,3446,2373,3506,9963
4565,1913,4031,9710,20219
6466,0,6149,3383,15998
0,0,5052,757,5809
3833,4112,0,6081,14026
4594,3483,0,0,8077
1429,6024,0,3994,11447
4661,8580,0,5664,18905
2698,6976,0,5567,15241
0,5358,3791,2900,12049
521,0,5128,3321,8970
4446,0,5959,3314,13719
0,5365,0,4018,9383
2100,1896,1768,8264,14028
5608,443,2070,3051,11172
0,1336,4758,0,6094
10469,574,6108,4050,21201
9909,5129,1466,13725,30229
0,0,0,3583,3583
4887,3015,10270,0,18172
11319,3409,3251,0,17979
3502,7036,11806,9344,31688
7825,6538,0,7603,21966
3913,3002,3594,6584,17093
4252,1308,2850,3767,12177
6235,3645,2800,7868,20548
1362,0,3926,0,5288
9156,0,2878,5210,17244
6288,4160,1402,3174,15024
3405,3320,388,0,7113
3992,7034,2644,4485,18155
10538,1119,4428,4921,21006
2892,0,0,11752,14644
2638,0,3627,0,6265
6299,2781,1630,4768,15478
0,0,3599,8065,11664
0,2158,2902,0,5060
0,394,522,0,916
6447,0,0,6428,12875
9821,0,6884,4925,21630
2022,0,3786,0,5808
0,1920,1035,1662,4617
3369,7820,0,8021,19210
4333,3533,0,6958,14824
2188,8905,2233,3475,16801
2523,0,2440,0,4963
4962,3771,5356,0,14089
0,4245,4719,2929,11893
0,4931,10514,6694,22139
7183,3995,0,3210,14388
6158,0,13051,0,19209
13526,1489,378,20918,36311
0,1850,4048,0,5898
4995,5318,3276,7047,20636
4760,0,0,1263,6023
4585,2268,5989,4066,16908
4169,0,1165,5284,10618
5912,4755,1798,8553,21018
1675,0,3734,5903,11312
9628,1898,0,1351,12877
4002,815,0,7169,11986
0,2224,3680,7454,13358
0,14097,2940,0,17037
6722,1913,0,971,9606
4455,0,2491,4397,11343
6305,0,3496,6398,16199
0,2309,0,6647,8956
3191,4267,5834,0,13292
0,5486,0,1656,7142
0,1544,1759,0,3303
13167,7098,1837,4280,26382
1201,284,4305,2583,8373
0,0,5606,1318,6924
0,0,2356,0,2356
0,7675,1853,7851,17379
6627,1289,6142,7593,21651
541,0,4801,3310,8652
4707,10167,5347,4851,25072
3854,0,390,6323,10567
4574,0,3416,4212,12202
12916,4787,9873,0,27576
6454,4585,3068,230,14337
6312,7580,6321,3068,23281
6489,10091,2918,0,19498
612,0,8114,3418,12144
12580,7130,0,0,19710
783,0,7746,5207,13736
701,4997,7667,10658,24023
3054,1861,3166,0,8081
4291,0,2874,8371,15536
4725,0,0,711,5436
11029,0,0,0,11029
5298,0,3402,5074,13774
0,2228,4731,6039,12998
1900,3371,0,0,5271
0,748,7488,4883,13119
3108,2487,0,0,5595
11103,2438,5182,0,18723
0,4543,3451,0,7994
12790,0,7726,4590,25106
7040,6352,0,6955,20347
0,0,4239,5444,9683
0,3763,0,6937,10700
5886,0,2318,4829,13033
7131,1951,0,2718,11800
2183,6206,6685,8662,23736
7945,13120,6190,10836,38091
7050,0,2714,6078,15842
0,9915,3589,8052,21556
0,4559,0,800,5359
2978,0,893,5774,9645
9159,7934,712,4649,22454
0,13913,1678,4866,20457
2130,5190,7742,3233,18295
3022,0,12899,2661,18582
4201,0,0,2905,7106
1735,3097,2387,3407,10626
0,0,9771,2112,11883
2543,0,12820,0,15363
1778,12190,0,8516,22484
5229,11066,2937,2867,22099
0,3994,316,5073,9383
2127,1764,12605,3206,19702
4217,0,0,4829,9046
1278,2726,0,4245,8249
0,12810,3532,0,16342
2836,0,811,0,3647
0,1927,2701,0,4628
0,0,194,0,194
4344,6144,0,0,10488
4797,3766,1901,0,10464
675,4266,0,5164,10105
5691,0,4834,4128,14653
2658,8779,0,9886,21323
11579,0,3092,9726,24397
9650,4216,2204,0,16070
4261,1384,642,1635,7922
11592,0,0,0,11592
3313,2747,0,3803,9863
0,2133,0,4789,6922
7569,9649,7848,0,25066
0,0,1174,0,1174
2236,6200,2461,1414,12311
0,0,6037,5468,11505
0,4312,5292,6149,15753
366,1647,1092,1128,4233
0,4085,0,0,4085
1838,0,4949,0,6787
2517,4628,2436,0,9581
3364,5393,4522,0,13279
4128,6723,7132,0,17983
0,2605,6218,3083,11906
0,11973,4214,2247,18434
7291,0,4014,6053,17358
1981,0,11058,5328,18367
2484,596,2746,8187,14013
4835,10402,8331,3897,27465
7150,9652,1971,1428,20201
0,1310,8216,1072,10598
0,3518,0,0,3518
0,4402,2291,0,6693
4440,0,4788,4620,13848
3517,0,538,10109,14164
1727,1236,8375,10752,22090
1838,967,8096,2502,13403
10921,5284,0,3066,19271
3998,0,0,10483,14481
9854,4086,280,5943,20163
6321,3528,3185,4422,17456
3138,0,3728,12622,19488
8082,0,0,8483,16565
5314,1914,4399,0,11627
566,1937,12803,0,15306
0,6340,4901,8022,19263
6124,1055,4616,0,11795
9610,5160,5526,2395,22691
4038,614,0,0,4652
4732,9466,0,4330,18528
9187,6489,2342,3201,21219
0,6772,0,3215,9987
0,4325,808,6773,11906
6615,3321,0,9765,19701
0,5817,2453,1884,10154
5062,0,0,4322,9384
0,6118,7913,6394,20425
440,1933,8044,4914,15331
3898,0,4421,4372,12691
0,7727,3724,4433,15884
3240,7009,1267,0,11516
885,3937,9238,0,14060
0,0,4863,14748,19611
1690,8172,4926,5866,20654
0,6797,8239,1988,17024
3044,5236,0,6713,14993
5311,9972,4959,2846,23088
1580,0,7720,4865,14165
0,2861,2133,7174,12168
3624,1326,15498,0,20448
0,2024,0,659,2683
17159,1325,3433,0,21917
2657,1996,5143,4485,14281
0,0,1015,5867,6882
5523,1599,0,0,7122
148,0,0,2893,3041
0,2971,4345,4172,11488
11570,569,0,8540,20679
5239,0,0,7918,13157
3946,2529,4515,7754,18744
12297,2816,2352,3888,21353
627,3533,1073,872,6105
0,0,3634,0,3634
8307,5853,3421,0,17581
1337,2652,1699,0,5688
569,1368,1528,3031,6496
11544,4978,1855,8419,26796
0,5823,1339,5527,12689
5339,1346,9590,0,16275
0,8174,8823,4921,21918
3658,996,2573,948,8175
3788,634,10722,7148,22292
1141,0,0,289,1430
2115,3497,9738,6775,22125
5222,0,927,5679,11828
0,0,0,10754,10754
5860,4660,275,1419,12214
2479,7813,0,1250,11542
10745,3163,854,6442,21204
4099,2723,0,3794,10616
7215,0,6181,1047,14443
3085,4372,0,0,7457
2472,19148,5188,4515,31323
3150,4532,9091,0,16773
5055,796,3257,3781,12889
497,1359,12291,3729,17876
2757,2981,2186,5060,12984
4099,0,0,8205,12304
2054,518,0,0,2572
2176,0,12402,3345,17923
3642,2577,10627,3965,20811
1007,0,3845,7842,12694
2616,0,0,4523,7139
4287,1742,0,12446,18475
263,6294,7460,3149,17166
0,2885,4154,4589,11628
1623,2570,8523,11183,23899
1528,0,0,1721,3249
8594,254,0,7665,16513
6189,735,0,488,7412
2197,8692,0,6315,17204
2845,0,6903,0,9748
851,2151,12332,8659,23993
7222,7917,0,0,15139
0,2636,0,0,2636
0,9375,4234,4073,17682
4041,11614,2224,8226,26105
4644,0,3584,0,8228
3211,0,370,0,3581
0,5034,2903,7930,15867
6714,2219,0,9377,18310
3814,4501,0,3722,12037
9780,3515,6824,0,20119
463,0,586,1886,2935
3368,12611,1662,3827,21468
0,4881,1100,222,6203
7679,5220,0,585,13484
4859,4676,4305,5254,19094
5175,3025,12157,1706,22063
4014,7717,8646,5179,25556
6805,1863,0,8709,17377
0,3869,0,9712,13581
447,9134,0,0,9581
8732,1356,0,4993,15081
0,3728,0,5596,9324
14903,1352,4993,2748,23996
5842,1462,2381,5016,14701
4962,5868,0,6606,17436
4069,9058,2523,0,15650
14354,0,1582,5310,21246
1573,0,10287,4686,16546
10220,448,0,10279,20947
3618,0,1384,4374,9376
1427,0,5979,5642,13048
5816,4319,1760,1390,13285
0,4380,3063,5705,13148
3894,9216,0,4915,18025
0,4715,4522,5069,14306
15450,8090,0,0,23540
0,7112,5280,0,12392
0,835,2518,291,3644
850,9034,0,3422,13306
8500,0,5432,7664,21596
3380,6779,2657,1641,14457
0,4118,2630,7561,14309
4526,1131,0,3379,9036
3144,2493,8614,778,15029
6673,4153,5242,0,16068
0,0,8240,0,8240
14407,1621,3957,1103,21088
0,5730,0,2648,8378
502,6639,12993,0,20134
7138,8750,300,2061,18249
4209,2957,2424,3902,13492
2423,3312,0,0,5735
0,887,8998,2030,11915
0,3003,6631,0,9634
5369,7167,1608,2113,16257
0,0,2843,0,2843
8577,6541,4866,7572,27556
4537,2554,2082,859,10032
4010,2105,2682,1271,10068
1502,5317,3659,6041,16519
4486,0,1297,385,6168
720,2808,17934,1870,23332
7848,3411,0,0,11259
0,3896,0,0,3896
13054,0,8691,4028,25773
5223,4276,6895,4579,20973
11286,4135,0,3646,19067
5591,2068,3158,4662,15479
2946,4175,0,16174,23295
9567,4301,851,3999,18718
0,5518,1790,0,7308
6102,1870,400,5012,13384
1709,7457,11127,4408,24701
10431,4926,0,3561,18918
9172,0,291,7407,16870
5158,10631,0,0,15789
0,6629,0,1994,8623
0,9252,0,7787,17039
0,1931,1835,6705,10471
4052,1226,0,4536,9814
0,11729,0,0,11729
5844,8205,4080,0,18129
9927,1093,2927,0,13947
4832,0,0,0,4832
0,3776,4612,7714,16102
4684,7875,6010,4555,23124
2781,10101,2962,0,15844
5102,0,0,2069,7171
2814,0,6504,515,9833
1428,3971,0,10581,15980
0,4676,3994,5886,14556
4883,0,3973,0,8856
0,4737,0,2431,7168
0,1986,7248,0,9234
6187,333,0,0,6520
8471,1161,2630,3393,15655
2738,4550,0,6031,13319
5479,4224,0,3671,13374
14525,2477,3327,4025,24354
0,1562,1885,4392,7839
7293,2298,0,4907,14498
3355,3706,0,2945,10006
4497,3969,2440,0,10906
2557,3484,7447,1176,14664
6180,4905,10796,8694,30575
430,0,3635,482,4547
2888,8062,0,7763,18713
0,7353,3666,5920,16939
2483,5073,3750,671,11977
0,5917,3935,999,10851
2005,6410,3598,532,12545
0,0,0,4385,4385
5306,2861,4242,6293,18702
988,9233,2887,0,13108
1969,3901,3854,3923,13647
2019,0,3469,5213,10701
0,0,8141,6375,14516
1583,3373,3308,4561,12825
0,2119,8875,4097,15091
0,0,3706,4701,8407
1173,0,3700,1717,6590
0,0,1748,0,1748
6150,4168,4865,3325,18508
3792,7919,2467,10933,25111
7311,3993,0,1887,13191
1359,6693,11807,0,19859
0,3967,0,2700,6667
0,0,3189,0,3189
7729,7092,0,2276,17097
641,3159,1176,2451,7427
8194,8288,8142,8772,33396
0,4692,2674,4217,11583
1280,5060,5060,1784,13184
3035,5203,0,4284,12522
4782,1406,8758,7529,22475
7273,0,13048,1194,21515
7803,1810,822,4447,14882
1906,348,13103,12242,27599
2115,8265,8577,11421,30378
6620,0,1257,0,7877
0,12677,8109,11740,32526
504,10206,8641,2880,22231
0,5005,1329,0,6334
9606,5912,6893,7327,29738
3373,0,0,896,4269
6945,0,0,2945,9890
1356,4983,3297,1446,11082
8701,4493,11120,871,25185
7854,3390,4585,7240,23069
3019,1835,3222,0,8076
0,9712,932,3186,13830
0,10168,1739,12884,24791
4458,7780,5678,0,17916
0,3737,3439,5935,13111
7857,8160,0,0,16017
3026,0,7062,0,10088
0,0,1853,4462,6315
0,0,2310,2022,4332
2888,9357,2535,744,15524
0,6489,3005,3536,13030
1287,0,7021,1970,10278
11180,7202,2557,217,21156
0,0,8804,2659,11463
0,0,0,4289,4289
3359,7759,2342,0,13460
3991,1014,4914,6267,16186
0,2102,5721,1654,9477
0,10073,416,0,10489
0,11496,0,9634,21130
0,7139,0,0,7139
0,5736,4198,0,9934
0,2905,2460,5243,10608
2224,405,0,18812,21441
7253,5274,0,16343,28870
4615,3241,8219,13199,29274
5100,5054,0,7664,17818
3194,0,0,5857,9051
4383,2050,4853,0,11286
10184,0,2232,9631,22047
6355,2986,0,736,10077
4605,0,3757,917,9279
8145,12306,3787,12110,36348
4215,4395,0,0,8610
0,4954,6079,3666,14699
0,0,9144,4605,13749
7462,0,6988,0,14450
1863,2861,5927,5792,16443
0,5088,786,0,5874
6970,2216,0,2826,12012
0,0,4645,8235,12880
0,2838,0,342,3180
0,8212,5287,10885,24384
8606,0,0,4713,13319
0,4988,0,4304,9292
1936,0,0,0,1936
0,4947,2058,2660,9665
14503,5576,3984,5207,29270
1998,4268,3576,5827,15669
0,0,5015,5048,10063
2034,0,8083,0,10117
2894,0,3430,0,6324
2847,4580,1914,0,9341
1141,1598,1748,0,4487
3578,2556,1080,769,7983
0,4601,2112,9687,16400
0,4146,0,1415,5561
2779,2514,5794,5834,16921
10147,1233,0,0,11380
14413,0,3291,2519,20223
5611,15874,4767,840,27092
6319,3784,4655,6262,21020
3173,3283,4953,5131,16540
0,6871,0,2074,8945
0,4526,4500,0,9026
808,3719,3991,0,8518
8873,4063,0,9800,22736
4561,10819,3689,4318,23387
5040,0,2086,2199,9325
0,0,6872,3926,10798
2779,0,10382,0,13161
13751,13238,3734,5077,35800
4705,0,754,0,5459
5759,1149,10833,0,17741
0,3930,8413,2524,14867
2199,4995,0,0,7194
1129,1424,0,0,2553
928,8518,10007,15163,34616
8444,7474,4982,3215,24115
0,4562,11025,0,15587
2668,8713,4764,705,16850
0,9891,0,9134,19025
4947,9128,0,0,14075
0,2146,0,3998,6144
4801,0,6089,4549,15439
4102,3115,0,4649,11866
0,7521,0,1337,8858
1239,6161,6921,3819,18140
2427,7108,6406,5129,21070
1179,2561,1797,0,5537
1728,0,0,0,1728
0,7748,4232,5027,17007
2754,7079,0,9123,18956
3067,8713,6393,0,18173
0,0,0,1624,1624
0,3442,0,0,3442
0,4876,1108,4106,10090
3341,8149,7092,9448,28030
5567,1570,1587,2346,11070
2429,0,2562,0,4991
8276,0,5810,0,14086
0,5154,3894,7344,16392
17374,0,3660,3674,24708
5195,0,4398,4027,13620
2444,6433,1622,286,10785
4575,1334,2398,2370,10677
6425,4999,3760,10162,25346
600,1733,0,0,2333
3923,12451,14294,0,30668
0,6342,3391,0,9733
0,3766,4678,0,8444
11666,9820,1544,0,23030
0,9992,2544,4958,17494
2783,0,3800,0,6583
0,4984,0,0,4984
0,1980,2587,3319,7886
7075,4865,0,0,11940
8864,10449,3029,4727,27069
2002,967,4795,6463,14227
4174,4949,0,2994,12117
0,2562,0,9162,11724
0,889,0,1160,2049
4233,7524,3805,5966,21528
4191,1237,4901,8577,18906
323,2948,7038,4618,14927
3531,3784,0,0,7315
1626,3656,6160,8129,19571
0,9383,1309,2038,12730
368,0,4767,8808,13943
4241,0,6375,6620,17236
0,3252,7908,0,11160
2607,1910,1407,0,5924
2141,8765,3378,0,14284
2035,10061,4403,4491,20990
7366,8241,2244,8805,26656
0,2433,0,0,2433
0,1101,0,8112,9213
4929,0,3323,4970,13222
0,0,5114,0,5114
4526,2687,3993,0,11206
2349,5389,6108,0,13846
11333,0,989,0,12322
3604,8522,2204,0,14330
0,5056,0,5706,10762
5068,3762,2108,7835,18773
4205,3783,10969,2232,21189
1242,7358,0,3483,12083
6051,12481,2552,6881,27965
3445,10117,0,6578,20140
0,4532,0,5459,9991
0,0,5091,2282,7373
4520,2832,4629,0,11981
0,0,455,6115,6570
4228,0,6198,4705,15131
196,2608,0,4908,7712
8810,1936,5110,4424,20280
20810,4367,0,0,25177
3746,4509,2586,0,10841
0,5014,8044,4269,17327
0,0,1205,2326,3531
15915,2948,0,2646,21509
3965,2206,0,3654,9825
7969,0,12845,378,21192
575,2865,0,1521,4961
1677,14835,8416,0,24928
2278,657,3121,0,6056
9420,0,8387,4059,21866
3528,12849,4478,7433,28288
653,5197,0,0,5850
11290,5007,0,2956,19253
909,0,2637,4887,8433
0,0,928,8476,9404
2523,5012,5070,0,12605
4649,10013,0,0,14662
3830,12358,0,8180,24368
0,1953,4968,6893,13814
6501,4024,3080,0,13605
3861,1805,0,0,5666
4544,5812,0,4254,14610
2506,3618,4715,6445,17284
1203,0,3341,5046,9590
1072,8926,518,1519,12035
1524,4570,4505,5685,16284
4916,0,0,0,4916
4259,10220,4578,8442,27499
3122,1068,5693,4062,13945
4150,3558,6891,6447,21046
0,3990,2242,649,6881
3719,0,5121,10203,19043
0,0,9079,0,9079
0,0,2637,4520,7157
870,9514,1775,1375,13534
1335,7149,1426,2622,12532
1065,10332,5008,2859,19264
6455,0,275,3366,10096
0,8033,0,0,8033
283,0,1815,4440,6538
0,0,1507,0,1507
438,11019,3541,713,15711
0,0,8089,0,8089
13391,10806,0,6827,31024
339,0,2826,0,3165
1845,0,0,2359,4204
2823,0,6410,6576,15809
4136,3546,0,8528,16210
8914,2561,11584,5588,28647
0,2748,4874,1386,9008
3845,436,2666,4585,11532
11109,2148,0,3249,16506
2665,4375,3978,0,11018
0,9261,7167,8954,25382
4294,10005,1360,1475,17134
3123,8401,0,3868,15392
3783,0,0,5340,9123
10264,2395,8404,2718,23781
11064,11979,4052,1322,28417
0,0,7888,4666,12554
4775,3779,0,4382,12936
0,3056,0,0,3056
0,7003,4499,8391,19893
0,3295,2143,4941,10379
4653,10689,1419,4681,21442
662,650,0,0,1312
7046,3417,0,1020,11483
1853,5187,4455,821,12316
6339,1229,0,1340,8908
2860,0,5652,8180,16692
0,2278,0,0,2278
2762,0,663,3361,6786
3800,823,0,1544,6167
0,1532,14608,7262,23402
3220,12000,0,5253,20473
1141,0,3732,4040,8913
3159,0,0,5831,8990
4077,5731,843,10099,20750
0,4703,7518,2865,15086
3872,0,440,4846,9158
3813,6780,3719,0,14312
0,2788,1278,0,4066
6855,0,0,0,6855
3902,1823,0,0,5725
0,0,2862,6097,8959
4417,0,991,1644,7052
0,7976,6833,1888,16697
7601,0,730,0,8331
1490,0,9907,0,11397
0,454,4510,5162,10126
6355,0,0,4187,10542
0,3700,11194,0,14894
3005,4228,12096,1487,20816
0,0,2245,2992,5237
6779,0,6607,0,13386
1323,0,3516,6224,11063
1364,1749,1870,649,5632
4624,4081,3093,9632,21430
10116,0,5109,7191,22416
1573,4630,7493,6279,19975
0,0,8180,0,8180
5338,0,6316,4699,16353
744,9505,0,5707,15956
8962,0,0,945,9907
1091,409,5017,1625,8142
0,7849,0,0,7849
0,0,3270,4670,7940
6656,933,7863,7007,22459
4501,0,9235,0,13736
4277,3577,5298,0,13152
0,0,7195,4334,11529
0,4235,8383,0,12618
13157,3970,1486,4650,23263
1247,6269,4458,0,11974
3871,2824,8600,5036,20331
2127,0,0,761,2888
1944,1943,5105,2834,11826
6238,2473,0,2606,11317
6337,2893,3894,0,13124
0,0,3432,6636,10068
0,6386,4600,8874,19860
0,9127,8311,11559,28997
4692,0,6469,2072,13233
6385,3756,6581,6964,23686
1677,12045,6829,0,20551
5137,2620,9548,1883,19188
4450,2420,0,0,6870
7491,6795,6274,0,20560
8492,11026,0,0,19518
0,0,1905,5414,7319
18919,3311,3909,4845,30984
2920,0,0,3040,5960
4639,0,0,6677,11316
4405,8369,0,8846,21620
3929,2714,3135,3056,12834
0,6392,0,7228,13620
0,13660,10405,0,24065
1849,5032,0,3929,10810
0,0,4147,5332,9479
3416,1351,5537,0,10304
0,12401,4537,2853,19791
3153,0,5499,4871,13523
12123,1444,5018,5837,24422
0,0,1465,0,1465
1421,0,4804,8746,14971
1993,11170,4703,0,17866
0,0,2150,2482,4632
0,0,2363,5123,7486
0,6667,8722,6526,21915
7205,11786,6772,0,25763
1414,3756,649,0,5819
3832,4784,913,9132,18661
0,4249,6552,2757,13558
3176,0,4432,4013,11621
0,1315,4173,2839,8327
0,6000,4029,7385,17414
5164,14472,7924,2365,29925
0,665,608,1256,2529
3648,1377,1454,0,6479
0,0,1705,5229,6934
0,0,4931,541,5472
4564,3858,4925,0,13347
12105,0,1517,291,13913
0,2700,0,8137,10837
9064,3675,786,3772,17297
7078,8180,11450,1470,28178
2936,8407,6231,355,17929
4769,7192,0,3316,15277
4823,0,5830,0,10653
868,3263,3448,5832,13411
5919,0,0,5792,11711
0,9129,4920,11224,25273
2260,3960,0,0,6220
0,0,332,730,1062
3690,4910,3864,4348,16812
0,5360,12172,0,17532
2267,6599,6859,1480,17205
3771,9440,0,2898,16109
5475,8697,0,0,14172
0,4295,8877,4545,17717
0,737,0,8845,9582
5694,9571,950,0,16215
5514,12129,5630,3711,26984
10647,0,1918,0,12565
0,0,4630,0,4630
1153,1370,5765,2270,10558
3600,6406,0,2366,12372
243,5550,3657,5428,14878
0,6664,1872,484,9020
8015,5991,548,3687,18241
1449,1329,5144,0,7922
4808,0,11134,279,16221
11796,0,8322,3380,23498
3573,1865,2721,0,8159
725,0,1582,373,2680
4604,12677,0,6159,23440
5151,4372,2121,3383,15027
1072,5102,5478,0,11652
0,12684,6114,4315,23113
1989,10595,5270,2851,20705
8968,7813,0,2278,19059
1106,9124,0,3814,14044
4971,0,13119,0,18090
0,0,736,12349,13085
1826,4086,3218,8059,17189
1216,5393,1150,4388,12147
0,4062,0,5469,9531
4967,0,2702,5660,13329
4472,4144,0,280,8896
3344,5338,4931,7856,21469
4870,0,7205,0,12075
324,0,0,4796,5120
3783,1257,5062,0,10102
3798,9133,7295,0,20226
0,0,8423,0,8423
0,0,4172,556,4728
1622,0,1633,4894,8149
0,2468,5960,3205,11633
1563,5049,0,3742,10354
0,0,2022,6536,8558
4372,3238,6333,1519,15462
0,6074,1967,3649,11690
5913,10311,11180,5601,33005
4811,0,3724,0,8535
3738,0,6140,4082,13960
0,0,1362,2924,4286
2151,3116,0,7620,12887
2300,2101,0,6628,11029
3431,0,3956,2290,9677
4139,8943,4711,10415,28208
8303,0,6573,596,15472
4726,0,4844,8387,17957
0,8373,9577,7048,24998
0,4724,7182,4540,16446
0,0,4822,3933,8755
15860,7353,5159,4424,32796
935,5054,2305,2854,11148
5597,6886,6960,2858,22301
4185,10229,4430,10077,28921
0,0,2696,3944,6640
8689,0,0,3292,11981
1757,0,7007,5500,14264
1508,4324,4627,0,10459
1691,878,0,2317,4886
6394,269,2800,2466,11929
6337,0,6352,0,12689
1620,0,3609,13276,18505
0,0,0,7197,7197
3971,20097,2333,1660,28061
0,446,11170,0,11616
5090,4007,632,0,9729
6204,6678,5711,7861,26454
1689,7481,0,0,9170
287,9114,2135,0,11536
0,0,4851,0,4851
6028,919,3198,0,10145
11207,0,2082,3228,16517
3996,1016,2307,5057,12376
3954,4988,2868,0,11810
6540,5135,6762,0,18437
5039,3024,4291,4542,16896
0,2676,9191,8740,20607
0,1122,654,3294,5070
0,0,0,9693,9693
0,4437,7770,1457,13664
0,6545,8735,5541,20821
2735,0,0,1521,4256
1910,2681,1072,0,5663
7482,2630,0,2490,12602
682,4684,6898,2565,14829
3132,0,4305,8925,16362
3235,0,0,5675,8910
2475,3699,0,5174,11348
0,3781,0,9670,13451
0,4477,345,0,4822
0,6326,3158,11415,20899
0,795,2472,2481,5748
0,1561,2610,3103,7274
4382,1426,2002,0,7810
260,2580,230,11561,14631
7936,2328,1182,2471,13917
434,3789,0,1383,5606
5176,290,3396,0,8862
3095,4876,0,3525,11496
4484,0,7830,0,12314
3347,4218,0,0,7565
18559,1505,4288,2228,26580
0,0,3735,3504,7239
4855,972,6822,2285,14934
0,0,0,2087,2087
5997,2239,0,8622,16858
5918,4778,3100,0,13796
3831,2094,4368,5130,15423
0,4928,0,707,5635
0,6715,0,0,6715
0,2118,0,0,2118
4583,0,0,0,4583
7221,3577,0,1090,11888
1753,10279,0,596,12628
1427,5514,7127,4857,18925
0,1711,6863,924,9498
3069,5874,8343,7816,25102
3284,0,2161,2723,8168
0,0,4641,0,4641
3020,1440,4010,0,8470
7060,3293,3909,0,14262
4085,0,618,3431,8134
4679,10016,0,2343,17038
0,8374,0,907,9281
5029,2641,5788,9884,23342
2234,0,5148,0,7382
0,0,8579,0,8579
5070,1356,3814,0,10240
1020,4794,2783,0,8597
385,2014,6142,0,8541
723,0,0,4744,5467
7844,1819,2669,0,12332
1941,2480,3296,0,7717
0,0,4872,0,4872
2752,0,8563,4969,16284
835,7962,6123,313,15233
3830,3104,13017,3326,23277
0,3293,6780,6472,16545
9130,0,1376,0,10506
0,7991,0,0,7991
1976,1885,4369,9667,17897
4666,0,3210,2014,9890
4317,2781,0,2569,9667
0,0,0,2987,2987
5788,0,1439,2326,9553
0,0,2070,0,2070
2885,0,0,6623,9508
2069,3952,6462,5747,18230
5260,3829,0,7745,16834
0,0,8609,5787,14396
0,7482,0,2850,10332
9941,12762,0,0,22703
0,4359,700,13875,18934
1660,0,0,3334,4994
5565,0,356,6961,12882
5111,0,0,0,5111
1981,849,10241,21376,34447
12205,7817,13374,0,33396
8911,0,2892,1137,12940
7335,1106,2239,2934,13614
3147,2120,1679,0,6946
1798,8684,343,0,10825
7584,4568,4588,0,16740
0,0,10714,8018,18732
13238,9403,1846,3365,27852
2283,5202,6754,5974,20213
7688,1214,8501,169,17572
10894,0,3523,4604,19021
0,6065,5601,2245,13911
3835,392,6094,1910,12231
1468,2899,607,2962,7936
0,5296,5726,8240,19262
315,5353,0,0,5668
4161,1172,0,0,5333
0,5137,4201,6228,15566
0,4826,0,4276,9102
0,2138,5521,1457,9116
0,0,5584,11408,16992
4284,2298,10604,1441,18627
437,6645,0,737,7819
0,0,4190,0,4190
0,2236,3173,3239,8648
3894,709,3546,4425,12574
4386,9364,3111,7090,23951
0,2171,0,2704,4875
2714,3794,4500,4424,15432
0,2898,4730,3882,11510
4001,0,4843,6951,15795
3278,0,0,1211,4489
5781,1257,0,407,7445
4788,0,3849,2321,10958
4923,2626,0,7158,14707
0,4088,3574,129,7791
0,7998,0,4642,12640
6153,0,10428,0,16581
0,9165,2710,6429,18304
11357,0,0,3551,14908
0,3374,5833,7676,16883
4954,5902,5103,1287,17246
4854,3585,0,9577,18016
3365,0,2124,12796,18285
4142,0,11681,7720,23543
7181,0,0,6658,13839
3837,0,6454,0,10291
0,5298,6563,0,11861
9922,4845,3219,3276,21262
1445,5601,1671,10422,19139
6442,0,3972,2325,12739
1026,2570,1466,7049,12111
3116,0,6228,0,9344
0,6367,3888,9553,19808
3109,0,580,4846,8535
2864,0,3821,3442,10127
11784,3312,1973,5684,22753
0,4587,1877,3844,10308
14605,0,5109,2769,22483
5556,1763,0,2181,9500
1394,5016,3460,0,9870
0,513,4980,0,5493
2983,661,3272,0,6916
2822,0,14948,3358,21128
1399,0,9266,3784,14449
2378,0,0,0,2378
0,6372,2995,0,9367
7032,3617,7881,4973,23503
5119,1318,0,0,6437
0,3747,647,2894,7288
5889,1783,4487,1077,13236
2857,0,1333,10650,14840
4997,4988,0,4722,14707
0,0,2362,4557,6919
6169,0,8531,0,14700
2177,0,3639,0,5816
11346,1374,0,567,13287
4728,0,1540,8775,15043
0,3213,0,14783,17996
12936,0,6224,5218,24378
4016,3442,3510,4688,15656
6830,0,7611,0,14441
0,0,8557,621,9178
3976,4248,0,1821,10045
4811,4796,0,2936,12543
5103,0,0,0,5103
4502,4575,4823,6540,20440
3519,3911,1086,2659,11175
4246,0,0,0,4246
8864,6771,4767,0,20402
4355,0,0,0,4355
11732,0,10568,2781,25081
0,0,2283,1502,3785
0,8287,571,944,9802
2790,0,3608,0,6398
5310,9110,4334,2820,21574
1341,0,3132,0,4473
4873,0,0,1315,6188
0,3541,7856,370,11767
0,3137,3659,0,6796
0,6958,1856,0,8814
731,0,3298,0,4029
1066,2846,0,11746,15658
6614,6317,0,4841,17772
0,6236,0,1862,8098
2319,12916,4189,0,19424
1389,0,3166,2611,7166
3203,4006,6006,0,13215
8086,0,0,0,8086
3932,5199,1046,0,10177
0,4521,3174,4869,12564
4545,3657,1022,3523,12747
7148,1000,4545,2966,15659
0,4851,0,1321,6172
6078,1840,3700,8708,20326
6542,636,0,12928,20106
979,8051,5474,3183,17687
5055,0,5481,1744,12280
1078,3392,6944,4558,15972
0,6460,4310,0,10770
2760,4803,0,6327,13890
9225,6457,3341,2886,21909
4765,5879,4321,0,14965
9565,4096,3889,4712,22262
4265,0,0,8001,12266
1529,9452,8423,4353,23757
9907,6874,6402,3048,26231
5045,3690,0,8921,17656
6136,2098,0,512,8746
489,4416,0,4628,9533
1309,8470,0,0,9779
4330,4330,0,874,9534
4523,8488,0,1677,14688
4616,3563,5415,0,13594
6413,0,484,2336,9233
7564,377,0,1201,9142
0,946,0,4276,5222
3798,0,0,4897,8695
0,2194,7922,0,10116
3183,1697,2929,0,7809
3588,4328,559,0,8475
4043,0,7027,0,11070
0,0,0,4845,4845
0,1815,4923,0,6738
0,0,1568,9755,11323
12806,12045,0,0,24851
2412,0,5482,4814,12708
6829,0,6053,0,12882
0,0,3029,8716,11745
0,3856,10774,2512,17142
5485,4682,4735,8437,23339
4669,366,0,6883,11918
3605,4453,6416,659,15133
12172,5742,10958,0,28872
0,0,2719,0,2719
4882,315,3351,3037,11585
0,579,8556,4406,13541
0,2568,8561,454,11583
2393,4024,9978,0,16395
4033,0,4654,0,8687
2660,0,3718,1456,7834
704,12114,2392,0,15210
2493,1846,3458,3846,11643
0,15830,0,3792,19622
0,0,3656,2395,6051
0,10248,5294,3857,19399
9910,5007,4271,3021,22209
3532,4889,2463,1050,11934
500,12271,1515,1437,15723
4348,8747,2085,0,15180
850,157,0,4579,5586
5173,4450,0,1973,11596
2034,9025,3533,412,15004
3591,6534,8398,3110,21633
7434,900,730,0,9064
0,6792,4307,3888,14987
5135,4955,8924,5697,24711
0,6496,0,4503,10999
13902,3458,0,0,17360
7783,4569,3582,0,15934
4271,0,4386,0,8657
0,6481,4509,1072,12062
1240,5075,3487,4378,14180
9780,12705,0,0,22485
3090,7981,0,0,11071
8720,6726,1002,4984,21432
4463,9408,8393,2716,24980
0,3467,2654,0,6121
0,4619,792,3636,9047
0,6681,3303,13728,23712
7462,5551,3460,2703,19176
7782,0,2783,0,10565
0,1391,6388,486,8265
0,6153,0,227,6380
4902,4064,1354,8782,19102
0,2467,6650,0,9117
450,0,6343,2968,9761
4988,7002,4698,14209,30897
7903,3637,4554,2925,19019
0,5612,8134,0,13746
1121,0,4614,11341,17076
4003,0,3852,1364,9219
3355,0,8103,4638,16096
0,3468,4237,6835,14540
1386,6711,0,0,8097
4975,0,4159,352,9486
5440,0,0,3003,8443
3748,2398,4495,0,10641
3774,2393,3367,4143,13677
13088,4227,4443,0,21758
446,9639,4099,2588,16772
0,0,6640,558,7198
6690,0,0,0,6690
10554,6950,2258,5188,24950
0,3915,4216,1922,10053
0,5001,4462,437,9900
579,2714,0,2006,5299
3191,0,2038,1693,6922
9147,3422,1510,1855,15934
9109,1897,13928,3127,28061
8196,7637,4208,6266,26307
1618,6212,7535,8571,23936
0,1427,883,641,2951
1253,395,4141,3612,9401
1872,980,6264,0,9116
2236,3558,4046,3309,13149
4458,13739,3843,0,22040
0,0,345,11064,11409
4505,2535,8031,11895,26966
3325,0,713,6383,10421
2270,3118,938,3433,9759
0,9241,6321,6102,21664
0,8580,7314,571,16465
0,0,2255,3706,5961
0,0,1504,4575,6079
0,3454,998,364,4816
0,594,0,0,594
1623,0,8605,3068,13296
7532,2105,427,0,10064
11447,10746,2535,0,24728
7019,0,0,0,7019
1989,0,0,0,1989
6206,0,4151,0,10357
5655,0,3058,4561,13274
226,0,6208,3596,10030
8519,0,0,0,8519
4552,4640,4115,0,13307
5825,0,6479,4771,17075
0,8019,0,5109,13128
10524,4905,8537,4961,28927
749,9282,8011,1321,19363
6857,2665,4190,1682,15394
0,5252,3665,7838,16755
0,1864,4276,1505,7645
0,4323,327,3769,8419
3357,0,4553,2419,10329
1074,6991,0,4260,12325
2318,3551,0,4431,10300
5876,2566,0,3318,11760
4163,9442,0,0,13605
9208,9779,10334,0,29321
0,7609,0,4361,11970
2403,0,12010,3993,18406
4502,0,1403,0,5905
4057,13166,827,5182,23232
0,3772,8307,5592,17671
0,14656,5342,0,19998
11482,3525,5541,1915,22463
11766,10495,4117,505,26883
3383,15372,5252,10286,34293
11473,4898,9113,1352,26836
0,1012,4681,2916,8609
7770,3266,0,8340,19376
8475,0,0,11101,19576
0,0,6426,0,6426
1619,2126,0,446,4191
3370,6346,2870,15959,28545
703,5070,0,0,5773
1687,7823,5867,10764,26141
3850,11012,4348,6565,25775
0,2892,6209,0,9101
5551,8490,3536,0,17577
4761,0,3561,4187,12509
2029,1413,0,0,3442
0,0,2598,0,2598
0,1466,6383,0,7849
1957,5067,9238,9058,25320
7030,0,10399,0,17429
4838,0,1798,0,6636
0,1383,322,0,1705
7610,1182,5293,0,14085
4186,3094,12160,1334,20774
5433,4374,4182,4658,18647
4742,0,0,0,4742
1398,1896,3534,9005,15833
0,2848,7901,5335,16084
0,2834,4458,1481,8773
859,4524,0,457,5840
1446,806,1463,0,3715
3738,4232,1392,9389,18751
6480,4532,2955,0,13967
1543,7434,4848,5822,19647
2635,1901,2904,5826,13266
1706,3249,0,3059,8014
7140,257,5161,1199,13757
4946,4548,3211,8569,21274
4296,681,6259,0,11236
6744,4689,9221,5250,25904
7214,8354,5954,0,21522
0,0,841,7118,7959
5145,7553,0,3721,16419
5222,0,11698,8079,24999
8045,5791,0,1743,15579
4249,3177,994,4993,13413
3223,6073,2190,9413,20899
6173,3576,1415,8239,19403
8079,7569,1725,0,17373
0,1400,2006,1447,4853
5011,6023,932,5039,17005
0,0,0,292,292
668,4424,4989,0,10081
0,3845,8155,951,12951
5205,7108,0,10421,22734
0,0,11305,7596,18901
8923,0,3110,0,12033
0,1126,2798,0,3924
4741,3337,11644,636,20358
320,1964,9264,0,11548
6077,8758,0,4614,19449
0,2857,9673,0,12530
0,4996,0,7163,12159
0,7081,0,0,7081
4524,0,4316,11511,20351
6481,442,1764,0,8687
4884,0,0,4103,8987
985,3666,2659,3034,10344
6540,2813,3375,3158,15886
0,0,1158,0,1158
2187,0,7274,4458,13919
6764,0,2653,2118,11535
3576,5331,196,9266,18369
8383,607,0,1192,10182
2160,5640,9326,3789,20915
1246,414,2614,3907,8181
4884,4421,3327,0,12632
0,5326,474,4098,9898
0,3467,4402,5069,12938
1986,5409,5752,5562,18709
0,2124,4068,3416,9608
881,3883,0,2732,7496
0,0,937,0,937
5110,1781,6727,0,13618
5613,0,860,962,7435
3623,4421,5670,6484,20198
0,7950,0,3342,11292
0,828,4562,5812,11202
8845,5424,2398,1888,18555
9760,11091,3011,10349,34211
0,4028,7209,14226,25463
5979,0,3364,1033,10376
0,8336,0,9873,18209
6048,518,6741,0,13307
0,10416,2342,4629,17387
4712,3487,0,872,9071
8686,4686,2667,790,16829
3386,4677,7350,1511,16924
0,0,1656,8393,10049
0,5001,4280,3495,12776
0,0,4583,1495,6078
8609,3788,2166,8370,22933
2706,2133,606,2578,8023
11863,3027,6473,0,21363
4457,4527,0,0,8984
0,1323,593,0,1916
1319,0,6912,389,8620
8184,3926,0,6269,18379
3230,8081,2546,0,13857
0,1949,741,0,2690
4542,536,2318,4820,12216
0,0,2221,2656,4877
3978,9149,4933,1149,19209
7730,0,365,3984,12079
8811,1960,4853,1491,17115
760,5206,0,0,5966
0,4565,1009,8472,14046
7647,3208,0,740,11595
3582,4606,0,15906,24094
2721,2283,0,3024,8028
5329,7603,5483,0,18415
8293,3727,1835,0,13855
9214,6619,7671,12768,36272
10261,0,2558,0,12819
0,7576,4330,4985,16891
3178,24621,1039,8044,36882
2282,0,0,3008,5290
0,4531,11259,2339,18129
3691,395,4776,8456,17318
5070,4458,0,0,9528
10627,0,0,517,11144
4827,0,8752,4834,18413
2319,3487,0,2358,8164
3192,0,4750,2247,10189
6007,0,3395,1839,11241
5920,1098,0,5237,12255
7425,1343,0,2610,11378
7675,0,1614,521,9810
1082,6529,2523,600,10734
0,664,0,5990,6654
4526,8772,2005,0,15303
0,1152,9476,2454,13082
3708,5408,4559,3448,17123
6266,9976,3755,5657,25654
0,8937,0,705,9642
0,2611,0,0,2611
5280,9161,3610,4583,22634
0,1976,0,5504,7480
5478,5452,10877,4600,26407
0,5029,699,0,5728
4683,6527,5268,0,16478
1838,133,0,0,1971
3177,0,956,0,4133
4075,5828,7947,3950,21800
14985,3840,3177,3727,25729
3469,0,0,7670,11139
6888,7934,0,6800,21622
6197,0,5803,0,12000
0,4230,1581,972,6783
736,0,10751,3363,14850
1475,664,0,9946,12085
2696,0,3925,4109,10730
1778,5419,9879,2892,19968
8642,0,8880,5987,23509
5201,5098,8690,380,19369
14850,2674,4924,0,22448
7164,5930,5041,442,18577
1967,9191,1168,3878,16204
784,6289,5081,8393,20547
984,2280,0,0,3264
4682,5073,2864,1045,13664
6266,4964,0,4836,16066
0,2684,3675,0,6359
4110,5407,3382,3998,16897
2720,13061,0,2313,18094
4960,0,398,693,6051
6949,0,0,3380,10329
0,4387,0,3385,7772
1739,6434,7393,7576,23142
2635,1041,0,1856,5532
0,1632,380,2325,4337
5468,801,1321,946,8536
19933,4512,4130,679,29254
1895,6570,3443,5244,17152
2778,0,138,944,3860
0,6802,0,0,6802
2533,1463,2233,0,6229
0,7886,1695,5510,15091
1354,4270,4946,3256,13826
3771,4082,0,4563,12416
474,1905,0,1897,4276
3605,9198,3709,1872,18384
6700,668,1829,2991,12188
6748,2752,382,4760,14642
0,0,0,6618,6618
4898,0,4895,8113,17906
0,1136,3366,0,4502
7020,1015,4714,17606,30355
1037,8196,0,2793,12026
1589,0,0,8333,9922
4377,0,0,12062,16439
3432,2092,9540,5456,20520
1190,0,0,5026,6216
10166,1063,0,0,11229
4448,6965,5098,5563,22074
4029,4168,0,8354,16551
6560,0,240,2461,9261
3238,2870,0,720,6828
0,0,0,4231,4231
14537,7162,2883,3341,27923
4228,7355,2042,1962,15587
1714,5560,4514,0,11788
2192,4134,3340,10203,19869
0,3194,8150,0,11344
6430,2678,3864,4860,17832
6977,4371,2698,4392,18438
12691,0,1409,0,14100
4082,2449,0,0,6531
0,2055,0,0,2055
0,755,0,0,755
4325,7143,5137,0,16605
2614,4613,2031,5949,15207
580,1598,8972,2893,14043
600,12368,2315,0,15283
10783,1484,0,3237,15504
4358,5273,7887,5917,23435
0,809,0,3402,4211
0,0,0,3784,3784
4296,770,4012,0,9078
0,2145,0,0,2145
3624,0,0,7880,11504
4788,11067,7960,0,23815
0,907,4012,1980,6899
1406,6227,2314,0,9947
4323,1810,11156,4206,21495
0,6543,0,11076,17619
5738,0,3964,4480,14182
5076,3713,11824,0,20613
5565,3031,4822,0,13418
4324,2928,0,3316,10568
5025,8477,4106,909,18517
3646,2345,1769,8235,15995
5172,630,4892,3882,14576
0,5254,4919,8059,18232
3741,0,5156,3826,12723
0,2720,1129,5030,8879
0,4467,0,3440,7907
0,4930,2321,0,7251
323,338,9878,4730,15269
5222,4771,5020,5875,20888
7488,0,0,0,7488
0,7391,4619,3187,15197
0,2293,0,0,2293
0,11763,3925,14557,30245
0,4527,0,4092,8619
10358,3300,8494,4748,26900
1322,3913,0,4179,9414
0,8372,3126,0,11498
4630,4636,14200,916,24382
12404,0,0,2200,14604
7948,3985,0,5424,17357
5480,4820,7991,9751,28042
3736,4661,1664,2898,12959
3981,0,6829,0,10810
964,1583,0,11893,14440
7095,2221,0,8051,17367
4373,2883,7565,2227,17048
6262,9292,0,3694,19248
327,2365,4493,5263,12448
3097,3277,1539,0,7913
2117,320,1574,1283,5294
0,11539,0,0,11539
2202,2124,2853,6060,13239
4168,0,0,4626,8794
0,9495,4311,3038,16844
0,730,0,679,1409
8523,4147,3293,0,15963
4654,0,6517,0,11171
4798,2647,0,4276,11721
10355,4072,0,708,15135
1670,445,4005,6247,12367
9136,10008,4811,3219,27174
2511,0,357,0,2868
5070,2788,1256,8254,17368
3841,5360,0,0,9201
7949,4154,0,1117,13220
0,0,7976,0,7976
5220,2367,3765,0,11352
3627,0,3320,0,6947
692,0,8910,980,10582
0,8641,0,2056,10697
6765,1610,15288,0,23663
5744,0,4896,4957,15597
0,3206,4622,1595,9423
2320,5713,2041,6355,16429
5211,4563,0,4995,14769
3599,16226,3586,0,23411
0,4446,13224,0,17670
0,3933,0,4714,8647
925,2406,2555,743,6629
0,4861,0,0,4861
4089,5186,2952,1438,13665
0,0,3569,0,3569
2479,2293,12210,3515,20497
4153,1738,8878,0,14769
1999,8016,0,0,10015
1405,0,7344,0,8749
2467,0,2321,2125,6913
3505,1657,0,0,5162
4512,480,3541,7456,15989
0,0,3522,5694,9216
5674,0,0,4107,9781
7855,6785,9487,0,24127
1418,3823,0,0,5241
3029,0,0,0,3029
2789,10645,14521,5089,33044
8908,0,2889,7246,19043
7861,11849,1257,3214,24181
6636,0,2489,6553,15678
0,3727,5166,10345,19238
0,0,4619,0,4619
2352,7379,0,1177,10908
706,0,3323,0,4029
0,0,3262,3707,6969
0,0,4340,753,5093
0,4628,0,2941,7569
1083,5317,4879,5027,16306
3704,0,12617,0,16321
989,3817,653,2768,8227
433,2716,3933,7477,14559
2790,0,8065,0,10855
3238,8921,4180,0,16339
1068,1975,3049,5572,11664
0,3391,0,2634,6025
4460,0,0,0,4460
1038,0,0,0,1038
2885,858,0,7511,11254
5411,0,0,4796,10207
3846,0,2535,3183,9564
5621,6810,4040,5829,22300
0,0,0,2410,2410
0,3466,6858,9239,19563
0,3725,1718,3055,8498
9397,3852,3978,656,17883
3334,6099,3693,0,13126
3198,0,2971,2444,8613
11043,4846,562,0,16451
0,987,2945,19822,23754
4732,0,1702,7897,14331
4760,7580,4170,1180,17690
0,15971,12226,0,28197
4084,1826,6662,5760,18332
0,0,2581,14693,17274
0,6219,1787,1191,9197
7285,4091,3871,4105,19352
11805,4184,15088,5844,36921
0,0,0,3945,3945
0,2554,0,5914,8468
0,1934,5664,4096,11694
5248,1038,4772,4986,16044
0,2552,0,10204,12756
5441,0,0,1709,7150
10431,1468,0,6008,17907
2958,327,7763,1351,12399
0,4366,1297,5155,10818
3079,0,2994,4306,10379
6323,8494,0,4467,19284
2891,6068,0,0,8959
4116,0,6475,2272,12863
4289,3131,2082,1610,11112
3360,4172,3043,6317,16892
2652,2494,6776,3694,15616
0,10499,0,4120,14619
0,3799,0,4092,7891
4322,10464,4838,8326,27950
11560,0,1126,4848,17534
5205,3730,0,894,9829
4974,0,2244,0,7218
0,3470,1570,0,5040
14528,1767,5670,4460,26425
5243,0,0,980,6223
1595,6368,1789,2313,12065
973,306,9914,0,11193
8267,6296,9563,0,24126
4792,3713,0,1192,9697
1484,2487,0,4946,8917
6778,2286,2729,1211,13004
0,5855,4086,4030,13971
0,1892,4811,7018,13721
0,5768,2386,13113,21267
2771,0,4715,0,7486
3497,4384,2919,0,10800
0,517,6623,0,7140
5124,5024,18796,4911,33855
3878,5633,4665,5687,19863
3871,3026,8870,0,15767
2282,0,0,7808,10090
3731,3112,11698,4146,22687
7901,5151,5582,1025,19659
0,0,7464,2552,10016
9948,4577,1150,0,15675
0,12247,2942,6283,21472
8425,2075,746,4312,15558
1666,141,3519,0,5326
0,6603,0,0,6603
4655,6846,3871,6299,21671
0,3645,653,11030,15328
7094,3561,3968,0,14623
6007,4366,0,0,10373
0,642,0,2990,3632
0,0,4005,0,4005
0,6980,2696,8225,17901
5143,5379,6504,4554,21580
11544,0,1276,0,12820
0,1636,0,10949,12585
304,5946,2974,0,9224
6618,5774,2840,0,15232
0,2770,0,0,2770
1948,4982,683,7222,14835
8292,3615,0,5831,17738
0,0,3265,0,3265
0,0,1284,3685,4969
0,0,7505,3304,10809
3090,3932,0,3123,10145
8043,5132,0,2605,15780
3354,6135,0,0,9489
3227,0,6638,4329,14194
0,9431,2812,2179,14422
2829,385,9498,0,12712
0,5779,0,1364,7143
3148,1206,0,9507,13861
9533,0,1524,4998,16055
3475,500,0,636,4611
4240,0,6887,1030,12157
2228,0,0,5803,8031
4344,3957,2332,4029,14662
2988,5265,4733,3995,16981
1690,290,0,1335,3315
8347,3124,0,2771,14242
1638,0,0,20944,22582
3805,573,0,4837,9215
0,3604,3818,3075,10497
4486,7515,2875,0,14876
396,0,3816,0,4212
13116,615,0,1228,14959
0,8139,0,0,8139
0,3182,0,0,3182
2495,2530,4155,6143,15323
6012,2409,1300,1530,11251
4262,917,2308,14270,21757
794,0,3385,4937,9116
6171,0,3083,7302,16556
512,4601,1922,9182,16217
0,1004,3303,4073,8380
7844,4666,797,187,13494
5066,7775,551,0,13392
0,564,4877,4631,10072
3987,458,1671,0,6116
0,0,8546,0,8546
2137,0,1781,7696,11614
0,4510,794,0,5304
3938,0,2426,0,6364
3673,8082,3532,5004,20291
0,3169,4144,0,7313
4996,4660,5878,602,16136
1121,5097,0,0,6218
0,6810,0,4393,11203
0,0,7075,6672,13747
9904,4845,6995,0,21744
3761,0,11099,5021,19881
4957,0,3792,1764,10513
0,0,0,6638,6638
0,371,3471,4328,8170
3560,3117,7032,3084,16793
4780,6774,0,7111,18665
6458,4252,2400,0,13110
2526,1672,1606,2941,8745
4214,5040,4753,740,14747
3504,0,0,0,3504
3029,4028,6344,18477,31878
2923,9365,1210,8110,21608
725,0,3052,2594,6371
1835,4253,7993,0,14081
1514,4928,6677,4408,17527
457,4258,2829,0,7544
4279,2865,0,5937,13081
2278,9617,2425,0,14320
7709,12532,1577,11806,33624
4781,2453,5150,0,12384
0,1597,4450,10456,16503
7904,0,8393,0,16297
5929,0,0,10480,16409
5166,9138,2629,4210,21143
0,5988,0,10733,16721
0,1853,8317,11897,22067
0,5005,0,0,5005
0,0,597,1146,1743
1853,0,5765,508,8126
1830,0,714,4081,6625
0,2464,3624,1446,7534
4981,1122,0,506,6609
4102,464,1234,9297,15097
7139,8602,3008,4949,23698
5824,3370,0,3643,12837
1199,0,9495,0,10694
14157,2996,0,4384,21537
4645,3292,3101,7843,18881
4331,0,4744,4128,13203
0,7630,3310,1230,12170
8198,11693,0,5801,25692
3773,2383,530,0,6686
3969,5514,4994,0,14477
12790,1063,0,4943,18796
0,2671,0,3641,6312
18764,0,0,0,18764
2448,4911,0,2584,9943
7259,0,0,1028,8287
2565,7158,4706,4327,18756
7046,4354,0,5402,16802
0,0,3064,5245,8309
2612,2580,4629,3488,13309
16066,6844,8317,0,31227
6633,4959,0,0,11592
8074,1949,0,3735,13758
0,0,3533,4738,8271
0,5041,6261,4981,16283
0,1474,657,0,2131
4039,10356,3745,0,18140
4325,2049,0,5017,11391
0,4877,854,980,6711
1924,0,6916,5050,13890
883,4376,0,3844,9103
7062,3776,209,659,11706
3239,717,1109,1438,6503
8157,612,5689,8663,23121
7997,7899,2289,7081,25266
0,0,1405,3345,4750
0,3459,504,977,4940
9639,0,0,4760,14399
1159,0,0,0,1159
0,4737,2347,4498,11582
5831,4091,2999,0,12921
3287,2331,0,4591,10209
5123,2386,8236,5180,20925
0,0,0,1036,1036
3686,6746,11133,1011,22576
2154,4046,568,0,6768
4820,3295,4464,3168,15747
13063,4279,0,6502,23844
0,8701,1749,6214,16664
5442,0,8071,4684,18197
3230,852,5187,0,9269
8748,0,0,639,9387
4318,5840,375,0,10533
1031,6531,0,9105,16667
1150,0,3476,3872,8498
0,0,0,8037,8037
0,2833,3763,3610,10206
0,0,3957,0,3957
0,9899,3910,5011,18820
922,9001,0,9329,19252
4170,8953,0,9769,22892
1014,1748,0,2462,5224
4303,1568,9988,3567,19426
6217,4909,0,6350,17476
5603,7890,6417,7157,27067
6319,8001,0,0,14320
0,0,0,7715,7715
3717,380,3775,2801,10673
5632,10684,2697,8342,27355
7483,2660,0,3779,13922
5033,1354,9697,734,16818
3885,0,0,302,4187
7071,6291,7765,0,21127
2692,0,6796,290,9778
779,3248,2678,3731,10436
1110,13252,0,3794,18156
14285,2905,11421,0,28611
0,9573,0,669,10242
1820,0,2803,0,4623
11776,0,0,0,11776
1711,0,9801,5284,16796
3268,0,3556,669,7493
7908,9073,5244,0,22225
4987,16470,2364,3383,27204
3263,4778,10324,836,19201
372,8676,916,4101,14065
4498,4662,3576,2293,15029
6878,3837,0,0,10715
0,1999,5106,0,7105
0,0,6771,2544,9315
1129,2699,544,585,4957
0,0,2921,498,3419
3207,5229,0,6381,14817
4803,3688,0,0,8491
0,637,0,8151,8788
493,843,0,0,1336
3991,6313,3235,0,13539
4196,0,0,0,4196
0,8817,340,0,9157
0,2220,3751,477,6448
2863,822,12607,8223,24515
0,4237,3017,0,7254
0,985,750,3362,5097
0,0,0,7556,7556
3379,0,0,3779,7158
3672,6007,0,2409,12088
1029,11100,3702,0,15831
3567,3218,9192,3430,19407
0,2366,6230,10093,18689
4624,4633,2413,1422,13092
8612,0,3192,7114,18918
4087,3092,3756,0,10935
1398,0,3976,1599,6973
0,14242,1469,7693,23404
6564,0,5109,5073,16746
0,1825,0,3742,5567
0,2098,0,4405,6503
2079,0,0,5797,7876
0,8816,5857,11558,26231
0,4710,4793,851,10354
5071,885,0,0,5956
9411,10122,2987,2947,25467
7598,0,4884,1873,14355
13871,7535,11096,0,32502
590,2940,2885,0,6415
9491,0,6029,13407,28927
1149,0,0,2623,3772
4541,0,4901,4994,14436
0,3570,0,843,4413
4272,1989,0,4194,10455
4759,2904,7029,0,14692
0,4212,1867,0,6079
0,733,4967,2040,7740
4437,2876,5351,4603,17267
8067,0,785,13415,22267
6547,9080,3977,1362,20966
3311,2321,5165,0,10797
0,4613,11513,5259,21385
0,1929,1206,0,3135
0,1248,314,2877,4439
0,4916,5617,4530,15063
0,0,373,7238,7611
0,0,5051,1092,6143
0,0,9860,0,9860
2186,4315,8353,7386,22240
0,3362,17550,0,20912
297,7925,0,0,8222
8893,12962,5385,2556,29796
5905,1081,4470,2635,14091
0,0,289,5084,5373
4383,1031,0,4584,9998
2393,5605,0,0,7998
852,0,9476,4835,15163
2796,1573,4808,3647,12824
7905,1294,0,10271,19470
8508,6686,5136,4266,24596
2156,4389,3379,0,9924
1769,4599,7830,0,14198
2365,0,2636,0,5001
1529,0,4403,0,5932
1354,6866,0,7244,15464
11858,560,5011,2386,19815
5017,3466,707,0,9190
4194,3332,0,3874,11400
4723,0,0,2471,7194
6293,1304,6686,0,14283
0,2053,0,8521,10574
5256,5048,6113,3750,20167
8333,0,12737,1494,22564
1877,0,0,0,1877
2701,0,0,5938,8639
1558,4120,2659,2620,10957
12701,5102,7906,0,25709
6865,1666,8770,0,17301
6773,4151,10593,3049,24566
3760,3789,980,0,8529
0,2931,4797,3271,10999
3519,5728,0,2997,12244
7159,841,821,4104,12925
4897,4032,0,4738,13667
3706,7161,10671,0,21538
5911,0,14059,4332,24302
4004,4654,0,5402,14060
1138,5093,0,0,6231
1940,2961,0,9039,13940
3046,3722,7024,10032,23824
0,0,2329,1814,4143
4505,2945,3476,8006,18932
2400,613,2392,0,5405
5624,1719,21149,9037,37529
2203,1296,7455,0,10954
2773,0,3385,8896,15054
0,6928,0,0,6928
3945,4884,0,1535,10364
989,4960,2614,806,9369
4197,563,4681,1566,11007
4288,4734,1217,2635,12874
1408,7714,800,0,9922
2429,9265,1271,0,12965
5914,2768,0,0,8682
0,0,7204,6612,13816
6855,2887,3195,7088,20025
0,13688,13205,2631,29524
4319,2528,2969,0,9816
2481,10880,2783,2244,18388
0,2414,7057,0,9471
4022,5524,0,1691,11237
5069,6597,0,3552,15218
2930,0,915,0,3845
3127,9984,2779,0,15890
0,0,3775,1047,4822
0,3384,1766,0,5150
7954,2703,5217,4103,19977
6016,0,4227,4627,14870
3792,0,4195,5734,13721
2048,3341,0,2252,7641
3619,15248,3871,0,22738
0,9916,1733,9842,21491
0,522,5013,8753,14288
3343,5753,2804,0,11900
1723,9390,2075,1943,15131
1444,9893,4667,10777,26781
7304,0,0,13206,20510
776,5139,6486,7501,19902
3886,0,3594,2340,9820
7807,0,8931,1356,18094
1441,5158,395,0,6994
1613,9674,3047,0,14334
1616,3924,9761,6618,21919
9048,0,4804,1311,15163
0,8079,1319,0,9398
0,6753,0,0,6753
0,7081,517,1647,9245
0,10564,2222,2971,15757
0,1700,6143,8122,15965
0,1823,2756,4184,8763
3564,1042,0,2927,7533
2528,0,2241,4918,9687
6980,821,2442,0,10243
0,3820,8773,0,12593
3048,3846,2624,0,9518
4278,2356,0,0,6634
2602,7263,0,4585,14450
9188,4903,0,7818,21909
9659,7010,0,3563,20232
0,6135,4086,0,10221
9253,2973,547,2119,14892
10733,3374,1778,2988,18873
5309,3724,340,511,9884
0,14980,1590,3370,19940
4968,0,0,5066,10034
1342,0,0,4533,5875
2717,0,5422,3125,11264
411,2571,6077,5732,14791
3988,5685,4671,10352,24696
4944,5917,5629,3954,20444
991,2149,1122,11140,15402
2722,5598,2920,8533,19773
0,2585,2849,4774,10208
2175,1452,4904,0,8531
7022,0,2731,609,10362
4559,3087,9402,623,17671
3792,0,1095,3232,8119
0,4140,11263,0,15403
3831,8483,0,0,12314
9165,0,11494,11721,32380
0,1360,6970,7139,15469
2347,2908,4655,0,9910
2672,4270,0,0,6942
0,3019,10763,0,13782
0,0,3464,2258,5722
750,8168,12496,5095,26509
265,2706,4775,866,8612
1549,0,0,0,1549
0,0,4693,2756,7449
3367,2277,1393,0,7037
5918,5055,0,3499,14472
5292,4519,482,0,10293
3530,0,0,7133,10663
4920,0,7821,1735,14476
3507,1144,5048,4985,14684
5245,3794,6622,2793,18454
0,2183,3302,8595,14080
0,2557,0,10287,12844
1176,1956,0,0,3132
8320,10581,4716,1199,24816
0,0,11562,5319,16881
1579,12607,3693,5403,23282
12202,12740,3604,0,28546
0,0,0,3184,3184
3510,0,6556,5636,15702
4229,0,0,0,4229
10348,2560,0,1342,14250
754,2062,5561,0,8377
4405,9903,4656,6306,25270
3636,6665,530,6565,17396
3061,0,3373,1211,7645
0,4079,2098,0,6177
10617,0,3789,4083,18489
0,0,4077,8193,12270
6705,0,0,3114,9819
3234,2300,5698,8395,19627
0,3354,2564,6782,12700
0,1758,4808,0,6566
5593,2839,0,3258,11690
1504,4474,607,8669,15254
715,4469,3957,5015,14156
0,0,0,10983,10983
12625,0,11520,5965,30110
0,255,5804,3602,9661
2694,2360,0,7943,12997
0,6204,0,0,6204
6133,1241,2530,1150,11054
0,3084,3135,0,6219
2286,8765,2318,9257,22626
11054,1753,0,2281,15088
4131,0,6587,4803,15521
0,2001,2305,0,4306
2605,0,670,15560,18835
5670,0,0,811,6481
0,0,5891,0,5891
4175,0,3671,3636,11482
0,10762,3713,7492,21967
0,5920,1191,4384,11495
0,0,2753,9398,12151
0,0,6873,5816,12689
0,9801,4338,6334,20473
4718,3888,0,0,8606
0,3123,5106,0,8229
3893,8826,9629,0,22348
3694,0,519,4872,9085
0,503,4500,0,5003
4051,3457,3786,5987,17281
6930,0,1505,0,8435
5044,0,1966,3115,10125
5987,4254,7830,2879,20950
0,0,5263,9309,14572
0,11458,2496,4133,18087
3612,363,0,0,3975
0,0,5447,0,5447
0,4857,9373,0,14230
6102,4723,0,0,10825
0,6895,3703,0,10598
5611,11245,4241,584,21681
7249,0,2591,0,9840
0,12335,0,4807,17142
7023,0,1538,4020,12581
2373,0,5326,487,8186
0,5708,0,699,6407
3592,0,0,2214,5806
0,0,0,8068,8068
8009,0,4357,0,12366
0,1498,773,0,2271
6523,18963,0,0,25486
0,7957,9565,0,17522
5145,5684,2530,0,13359
4282,0,3488,0,7770
3294,7197,2232,15170,27893
7101,5340,3628,5729,21798
0,0,0,1549,1549
0,7471,0,4974,12445
4185,0,6746,3013,13944
0,3062,9279,1686,14027
7423,4681,0,1075,13179
0,7592,0,0,7592
4147,0,7055,0,11202
1881,0,4235,0,6116
2540,3082,5954,8452,20028
3791,0,0,8520,12311
7174,6387,5003,0,18564
2697,0,5697,5157,13551
4674,0,635,2922,8231
5335,8363,0,6759,20457
0,0,0,2711,2711
0,2190,6659,9286,18135
1705,9966,0,9763,21434
2898,0,2111,0,5009
6180,0,193,0,6373
6508,0,0,3936,10444
2567,8739,1957,3378,16641
5485,6369,0,2958,14812
0,0,0,6911,6911
1846,3630,7548,7117,20141
7755,3582,0,5752,17089
2260,0,0,1136,3396
6104,6709,2630,6545,21988
1263,8035,0,0,9298
1563,0,1861,8434,11858
7576,4568,2978,436,15558
0,0,3706,0,3706
0,0,4144,532,4676
0,4831,4667,3731,13229
3931,0,4209,2863,11003
0,3603,0,4033,7636
3386,6370,6806,2947,19509
0,3238,4729,0,7967
4237,0,1255,0,5492
0,2226,0,0,2226
2399,7215,0,3067,12681
0,3592,934,0,4526
0,0,0,3073,3073
6879,1650,0,2456,10985
0,4988,0,11538,16526
5151,0,0,3351,8502
0,6025,4560,0,10585
712,2994,0,5053,8759
1913,0,0,6133,8046
0,3626,1023,4778,9427
0,4570,12003,7689,24262
1429,2370,10074,3298,17171
3252,5004,0,2154,10410
4475,0,0,0,4475
7010,5849,3854,0,16713
0,0,0,1597,1597
0,4411,4715,0,9126
1959,5099,0,5609,12667
0,0,706,1811,2517
1697,1600,4353,2297,9947
2458,1678,7733,5889,17758
4837,0,9373,1552,15762
6799,4446,4905,3764,19914
3554,9645,0,0,13199
0,0,1174,8672,9846
4044,0,0,2970,7014
11032,1006,3739,4504,20281
5847,2128,943,4676,13594
3960,10503,0,6783,21246
265,3668,4209,7754,15896
0,4920,10741,3760,19421
4268,3532,3754,0,11554
0,4737,5158,12923,22818
3991,0,0,2786,6777
5628,4195,9793,0,19616
0,6849,6140,0,12989
0,8540,3828,0,12368
7582,3775,0,415,11772
2165,9949,1577,0,13691
4092,2489,5156,4955,16692
0,5873,0,1458,7331
10013,0,7991,8752,26756
0,0,8791,0,8791
3738,4427,3548,0,11713
5516,3360,3083,0,11959
0,3889,10176,2828,16893
2339,0,2845,0,5184
3270,8585,1430,0,13285
3324,0,2678,12691,18693
6967,975,0,0,7942
0,0,7842,4346,12188
0,0,3069,0,3069
2168,0,12814,0,14982
5738,0,772,0,6510
4481,3871,584,723,9659
3518,0,3770,2968,10256
2982,5054,7466,0,15502
323,0,0,5172,5495
14174,5629,2327,0,22130
7089,9857,0,7223,24169
2882,5838,814,0,9534
0,4899,0,2473,7372
3127,2702,1676,4569,12074
0,0,4120,0,4120
1017,8849,8104,1799,19769
0,0,0,6452,6452
0,6517,9699,546,16762
0,5252,4542,0,9794
0,4027,0,0,4027
0,1347,1976,2579,5902
7101,2739,10843,0,20683
3901,2252,0,3862,10015
274,1327,4760,2596,8957
715,3566,4294,6148,14723
1787,3206,0,0,4993
0,1878,4439,0,6317
6080,0,5310,7019,18409
0,1831,7193,0,9024
0,1970,0,4904,6874
0,0,0,7974,7974
1641,3558,3608,2770,11577
0,10251,0,5225,15476
915,3865,7688,5243,17711
3973,2445,1654,4917,12989
919,0,0,8766,9685
0,699,8553,10633,19885
2099,2973,2582,0,7654
9805,11717,9322,4509,35353
5256,7002,0,4441,16699
0,0,8123,0,8123
5732,4751,4925,5154,20562
0,11089,9123,0,20212
18838,0,623,0,19461
10035,4339,7896,4748,27018
4372,3468,8931,8023,24794
0,1200,2278,0,3478
0,6024,0,0,6024
4736,280,0,3914,8930
4509,0,4887,12124,21520
0,0,7440,0,7440
4031,2740,7867,2599,17237
1359,0,0,0,1359
1156,4812,908,0,6876
0,0,4331,2902,7233
7325,7627,5466,3612,24030
0,4606,0,0,4606
6577,0,871,4426,11874
1730,0,5110,5738,12578
6829,3522,1589,2658,14598
2528,2676,9382,2799,17385
8645,2077,0,0,10722
7427,2104,4395,0,13926
806,4266,2837,0,7909
0,610,7316,3536,11462
0,1501,8489,0,9990
1470,5913,927,0,8310
0,2080,0,868,2948
0,7928,9512,5343,22783
5435,5952,5385,1244,18016
0,7652,4225,0,11877
6617,4854,0,3109,14580
5432,6079,1874,2097,15482
0,7987,0,1514,9501
0,2891,4651,0,7542
0,0,0,1208,1208
0,3161,6758,8031,17950
4981,4084,986,1183,11234
5248,0,4152,0,9400
0,0,6321,0,6321
0,6693,796,2911,10400
0,8063,4327,950,13340
2836,8901,10125,7632,29494
7918,0,2551,2906,13375
5911,414,13766,8614,28705
2767,414,0,9685,12866
3538,2057,4963,907,11465
0,2499,3845,2189,8533
2629,0,6763,0,9392
4968,0,1101,0,6069
4914,7058,2803,0,14775
11396,4221,0,4401,20018
3200,5150,3969,8148,20467
1916,4659,4401,4069,15045
4467,4201,0,2258,10926
6151,0,4692,214,11057
0,4017,8248,808,13073
4762,7390,4996,11127,28275
557,4814,998,3590,9959
1363,2501,1352,3967,9183
4094,1934,1320,0,7348
11144,4957,3974,9045,29120
0,9238,1412,0,10650
1615,4896,5325,7608,19444
3562,0,8955,1510,14027
0,8808,6787,0,15595
0,4153,7065,0,11218
0,2956,1071,0,4027
0,0,18887,12466,31353
0,0,14139,0,14139
0,2010,2222,0,4232
7851,2164,10626,0,20641
8705,4896,4967,1412,19980
1170,8219,0,0,9389
0,5950,3120,735,9805
5194,0,13900,7350,26444
0,5018,0,1990,7008
5239,1447,9506,13825,30017
4050,0,0,0,4050
2149,4716,0,0,6865
14976,1926,2054,4161,23117
3174,2719,550,3275,9718
4863,3324,393,2841,11421
1244,0,5293,4965,11502
0,0,5843,730,6573
0,0,0,9184,9184
6860,4234,0,0,11094
1893,3561,0,1896,7350
3548,5868,956,4020,14392
9399,4730,7715,3033,24877
1395,3032,2764,830,8021
3825,0,3925,4911,12661
4220,336,8119,11273,23948
4233,0,3717,406,8356
13126,0,15655,2630,31411
3910,0,3613,8489,16012
4172,0,4060,4328,12560
7780,0,6725,9583,24088
1727,0,2534,0,4261
9822,3538,593,0,13953
924,0,1060,6208,8192
3240,17565,1424,0,22229
0,11369,9077,0,20446
458,3499,2266,0,6223
2928,0,0,4288,7216
4025,1891,4491,14565,24972
5122,3093,6140,4103,18458
1965,3713,1949,5483,13110
1424,4910,0,5584,11918
1284,0,0,4460,5744
13621,2991,4260,320,21192
5480,4054,4393,15165,29092
10597,4518,0,4051,19166
8541,5696,5971,4204,24412
3198,4062,6655,8022,21937
6446,0,1290,2984,10720
5586,3458,7098,424,16566
0,5192,1334,10491,17017
2240,4956,5219,0,12415
3354,10256,5227,2619,21456
5037,4585,1523,4025,15170
1850,3509,1278,9627,16264
3919,0,0,0,3919
6596,0,1148,1128,8872
16305,15159,3401,9222,44087
7746,2246,4013,9727,23732
1938,0,581,9081,11600
0,1132,1729,723,3584
8889,156,0,807,9852
0,9410,1366,815,11591
4608,7215,4281,4264,20368
4638,3450,9573,10960,28621
3610,3446,3219,8005,18280
2065,0,11865,1504,15434
1818,0,4202,0,6020
3135,8176,0,0,11311
5353,4806,3660,0,13819
4928,1527,0,1483,7938
3433,4078,8155,1457,17123
6562,0,3311,1854,11727
0,5250,0,5703,10953
0,1527,3550,0,5077
0,0,6023,4255,10278
8069,4208,12648,6966,31891
0,7894,2423,3407,13724
2007,935,1617,11794,16353
0,3866,0,0,3866
0,8493,0,0,8493
4527,4173,1073,8253,18026
8417,7209,3364,8658,27648
0,1614,0,294,1908
0,1582,558,6541,8681
2415,2133,7158,10507,22213
6948,2745,5023,10195,24911
9613,8038,1476,12139,31266
6168,4479,6055,602,17304
0,5216,0,10289,15505
0,4134,3056,4127,11317
2196,0,3356,0,5552
0,0,0,527,527
0,3055,4565,7434,15054
0,11855,0,0,11855
1150,4346,2195,7802,15493
6071,6757,0,1650,14478
2848,1967,1031,5771,11617
7920,0,3644,6436,18000
1882,511,0,7060,9453
1645,1134,7120,0,9899
4780,0,0,8444,13224
4447,0,2604,8485,15536
1538,0,4619,1753,7910
1704,0,0,626,2330
5306,0,4965,2838,13109
7445,3543,1883,0,12871
2615,764,0,3950,7329
2886,4859,4324,0,12069
7106,2963,1751,13469,25289
3305,3615,0,8470,15390
3462,0,0,4953,8415
5767,0,0,0,5767
7618,3210,0,1665,12493
0,0,2515,1856,4371
728,0,4963,3993,9684
2276,6347,3889,0,12512
0,4927,0,0,4927
0,7147,0,1856,9003
3590,2189,6309,11442,23530
0,0,1705,5088,6793
3938,1380,1802,3813,10933
12341,5016,4008,7211,28576
0,4494,0,9193,13687
6909,3264,4880,13644,28697
6608,4169,0,3814,14591
9202,3643,3835,0,16680
4466,6309,2298,0,13073
5359,429,12326,0,18114
0,0,11366,1120,12486
6582,0,808,13314,20704
666,5557,3480,7800,17503
0,4899,0,5890,10789
9178,4291,5658,8471,27598
0,5733,6219,0,11952
0,0,4001,3202,7203
0,5325,5036,0,10361
11536,4630,0,0,16166
0,0,7902,0,7902
0,2694,1715,3590,7999
3869,5639,0,3380,12888
3275,1668,0,7801,12744
4966,2372,3705,0,11043
3096,7225,6223,3837,20381
1321,8022,3508,0,12851
0,657,1432,0,2089
739,2296,9419,4421,16875
1977,4476,0,3135,9588
3583,0,13593,1702,18878
8133,7770,3906,3926,23735
5113,0,1100,935,7148
2621,0,0,7143,9764
0,3184,6714,6890,16788
2305,2759,1103,0,6167
9719,328,1988,6354,18389
4024,1687,10448,0,16159
0,0,7679,0,7679
3426,1185,358,4110,9079
0,6622,8912,0,15534
7938,5053,828,0,13819
2992,763,1230,6321,11306
4239,540,4751,2762,12292
0,6562,3404,0,9966
0,8737,9604,0,18341
10826,2961,3229,6010,23026
1955,11722,942,5149,19768
0,5645,0,1821,7466
4602,1121,484,4553,10760
6571,0,0,5558,12129
0,2609,382,3191,6182
670,2974,10352,6590,20586
2610,8865,0,5612,17087
285,0,0,0,285
1652,7206,7748,8475,25081
0,5235,6706,12141,24082
4022,439,6289,0,10750
5560,4027,1200,0,10787
4782,0,937,825,6544
5406,3696,4771,3239,17112
0,0,609,839,1448
9725,1485,7636,0,18846
1351,7703,4367,0,13421
2032,0,5078,10748,17858
2713,0,0,0,2713
4074,9360,2272,1996,17702
1153,5963,6651,1674,15441
4044,0,0,0,4044
328,0,4252,1182,5762
4556,8033,6673,2333,21595
0,4914,0,2242,7156
13837,0,0,7014,20851
3957,0,0,5475,9432
0,564,0,0,564
660,0,9435,3366,13461
3141,4074,0,4185,11400
0,2382,0,2490,4872
372,0,9130,12760,22262
1666,10237,7148,0,19051
8614,5769,5354,4661,24398
0,0,5213,1190,6403
1788,5290,6243,0,13321
0,1258,792,2903,4953
0,0,4067,1151,5218
0,3229,4576,4602,12407
3556,12727,0,0,16283
1861,5019,2884,3695,13459
3664,8823,1226,11810,25523
1871,2915,1130,791,6707
0,4826,4787,0,9613
3770,5391,9124,9821,28106
2659,5100,0,15166,22925
0,0,2331,3292,5623
0,5808,14175,4334,24317
0,0,4235,0,4235
0,5694,0,3622,9316
921,11180,3941,0,16042
8098,0,0,7079,15177
1804,0,6928,0,8732
6657,4567,2144,0,13368
7012,0,1028,4478,12518
4027,3810,5165,7612,20614
0,0,732,2707,3439
5782,7926,1623,4131,19462
0,6512,2767,3119,12398
664,3422,0,850,4936
5866,2583,0,0,8449
1624,0,3325,344,5293
0,3609,722,9251,13582
443,0,7396,0,7839
4011,6567,0,4740,15318
12062,3667,4133,0,19862
4530,0,6154,0,10684
0,4711,8186,0,12897
6706,1251,9232,7547,24736
12568,9757,0,1894,24219
2088,6848,0,8560,17496
1212,3342,7230,0,11784
760,5645,0,0,6405
0,0,14333,4778,19111
8870,4353,0,5402,18625
17632,8916,4909,5107,36564
3750,9639,2858,4339,20586
5170,0,4493,9774,19437
6140,7193,8897,4714,26944
10883,4156,8556,0,23595
3477,7405,0,0,10882
922,5900,0,5926,12748
0,0,6017,1211,7228
0,6232,4943,4388,15563
2190,850,0,0,3040
0,5468,0,6371,11839
2022,0,809,0,2831
10243,2608,0,1211,14062
6039,0,6214,0,12253
3713,0,3242,7189,14144
9480,0,1622,1293,12395
0,2992,4049,0,7041
8822,1467,2982,0,13271
0,5991,0,5808,11799
10221,2634,3357,0,16212
3378,2171,0,0,5549
9116,4378,0,3159,16653
4961,5135,3035,0,13131
1739,15953,5978,0,23670
567,2353,0,0,2920
1385,390,2420,0,4195
2324,6977,0,0,9301
4915,5818,0,3460,14193
5220,0,9192,8159,22571
2758,0,694,6602,10054
4368,2711,2332,0,9411
5437,2732,0,0,8169
4825,0,0,0,4825
5558,0,4870,0,10428
6004,2938,5309,4729,18980
765,2861,2146,4680,10452
0,0,0,3906,3906
3947,0,5007,1980,10934
0,0,7305,3933,11238
1998,895,4362,6162,13417
5343,1344,0,3956,10643
11765,0,1113,0,12878
5156,2784,4042,4574,16556
3527,1839,4646,1389,11401
1577,0,8981,0,10558
0,13663,0,2131,15794
11222,8325,2154,4184,25885
3827,5650,3499,0,12976
4302,3681,3853,692,12528
4684,2283,0,1298,8265
7646,0,0,0,7646
0,1636,5007,2745,9388
0,0,1519,0,1519
374,5791,4672,5504,16341
0,0,2707,4325,7032
1007,3864,0,0,4871
6382,0,3105,0,9487
4558,931,0,9984,15473
0,0,6421,2826,9247
2256,0,8639,0,10895
9900,11354,2309,0,23563
7374,3673,3979,3622,18648
0,2267,758,13615,16640
3168,0,8159,3601,14928
6919,313,3712,2046,12990
6374,0,2054,1565,9993
5646,4183,0,0,9829
0,0,649,0,649
8360,0,8026,2275,18661
355,7295,0,3337,10987
0,11634,0,13858,25492
10910,2804,1726,0,15440
0,0,3366,5006,8372
0,5615,4295,4001,13911
0,6857,0,4468,11325
2079,4879,2389,3646,12993
4721,8965,14906,4878,33470
0,12534,6810,1512,20856
0,0,4026,7848,11874
4456,1989,0,7176,13621
4534,4797,0,4091,13422
3516,0,4130,1148,8794
7738,0,2909,1744,12391
0,4140,8847,295,13282
0,3496,0,0,3496
1083,711,1731,2115,5640
2935,5324,1466,0,9725
0,3514,2236,4093,9843
0,0,0,3856,3856
3414,8048,7227,4790,23479
4125,4703,5438,8525,22791
3412,7850,3882,3047,18191
2783,5205,0,0,7988
5649,0,3131,4332,13112
1454,262,0,3922,5638
0,1528,885,3699,6112
4738,0,4952,0,9690
4395,891,3331,2933,11550
3636,4217,2470,0,10323
4066,3984,3856,2517,14423
0,0,224,6560,6784
5728,0,4813,0,10541
2397,768,3579,4210,10954
0,4718,3089,0,7807
4381,0,4422,7331,16134
0,7936,3802,0,11738
0,0,0,3540,3540
0,4491,3133,3704,11328
1727,5013,3253,0,9993
10065,0,6081,4651,20797
10988,1707,1016,4949,18660
4713,7201,0,0,11914
5119,12027,6722,3477,27345
6732,0,4622,0,11354
11291,4256,12460,11325,39332
0,2194,987,4483,7664
0,5268,0,2201,7469
3762,3683,0,4279,11724
5364,0,2773,0,8137
0,7847,3224,3770,14841
0,0,5154,5077,10231
651,2003,3072,4006,9732
0,4071,6195,5503,15769
3039,0,0,0,3039
0,0,3904,3954,7858
4476,3505,3458,2022,13461
2694,4725,7655,4709,19783
9148,2622,403,679,12852
3498,6941,5951,0,16390
2166,7559,0,594,10319
0,13385,12577,4871,30833
0,3648,4193,0,7841
16748,3670,2779,7477,30674
2906,0,4144,5572,12622
11577,4396,5218,4746,25937
0,0,10000,3650,13650
11441,2384,2853,0,16678
0,0,160,0,160
3823,5814,0,432,10069
2308,4432,550,5068,12358
2768,4193,0,6044,13005
5033,0,0,0,5033
0,1118,4454,8478,14050
7357,0,0,4087,11444
5481,2550,8147,8998,25176
5079,4895,0,5131,15105
2640,573,0,3249,6462
473,0,0,0,473
5229,0,11520,0,16749
0,6619,8512,4269,19400
6945,10599,4405,0,21949
2375,0,7513,9320,19208
4895,3377,1951,4988,15211
5141,7515,4367,0,17023
0,8412,0,2410,10822
0,4242,3251,2842,10335
6837,4080,4658,3598,19173
0,7385,1141,2037,10563
1310,2181,482,0,3973
3012,1055,1015,3433,8515
1205,0,1136,5295,7636
1578,2769,3336,4862,12545
6326,4580,0,1029,11935
7822,2680,0,7703,18205
0,2753,6769,3948,13470
2038,0,0,3334,5372
3478,0,877,3516,7871
5389,483,4194,1317,11383
0,0,2446,1529,3975
5704,3490,4461,7001,20656
3128,4420,7577,0,15125
2233,548,1514,0,4295
4349,8701,4915,11915,29880
3999,0,2646,0,6645
6737,3566,0,4070,14373
1006,10687,0,4964,16657
4168,1306,17258,7372,30104
294,0,1163,4814,6271
2440,4398,4638,4482,15958
2396,1075,3014,7912,14397
1277,952,3381,2533,8143
0,4908,577,0,5485
3463,4872,3077,0,11412
3187,2618,1474,2638,9917
3450,6627,1409,0,11486
0,11492,0,10404,21896
6127,0,0,9634,15761
0,0,4878,5479,10357
3945,0,5226,4192,13363
6016,686,0,0,6702
3273,1257,2962,1338,8830
0,6925,2201,0,9126
5067,0,0,5894,10961
1740,583,0,1231,3554
0,5471,4480,5417,15368
8914,3368,9218,7984,29484
0,6701,8358,1955,17014
0,3927,0,382,4309
4843,4947,11530,11456,32776
7217,6653,1852,0,15722
4024,0,22077,8613,34714
4889,4758,6336,7130,23113
15445,4729,2325,5244,27743
322,8235,5784,4881,19222
2279,0,2304,0,4583
5161,804,0,10806,16771
6444,0,0,5073,11517
1849,6959,0,0,8808
4522,8269,1722,6130,20643
2509,10260,2045,2622,17436
0,7686,0,0,7686
2728,0,0,4454,7182
13200,543,2267,0,16010
13864,4184,8544,5115,31707
0,8528,0,0,8528
1497,1500,4547,7425,14969
0,2320,887,0,3207
1396,1859,5893,220,9368
923,5242,6883,0,13048
386,8346,0,3055,11787
8276,0,10814,0,19090
894,2317,0,1166,4377
7674,7311,5151,0,20136
5331,3162,6572,0,15065
7779,2615,4496,10390,25280
5255,0,6515,5917,17687
0,2553,0,0,2553
0,13002,3966,7869,24837
6649,8209,4895,4341,24094
3106,0,2197,0,5303
0,3584,4480,9986,18050
2295,4855,2280,8241,17671
6883,0,0,4335,11218
1986,7684,3576,1852,15098
4656,2353,4602,0,11611
8614,3987,0,3976,16577
0,0,2938,3347,6285
4093,3315,2584,4918,14910
0,2552,7590,0,10142
4222,6111,5471,1944,17748
5521,1964,1646,0,9131
0,7282,3534,6130,16946
0,2580,7125,7688,17393
19375,7405,5962,3021,35763
2625,15979,1440,7006,27050
2023,0,0,8790,10813
5649,973,3646,4116,14384
4916,3694,0,8320,16930
668,5394,10908,0,16970
0,17783,4731,0,22514
0,2581,383,0,2964
0,0,0,8516,8516
5495,2348,2961,0,10804
4078,0,9113,0,13191
4907,5912,0,0,10819
5953,8661,0,0,14614
9861,0,0,16730,26591
3624,0,772,4175,8571
8620,0,12873,2360,23853
0,7398,0,2790,10188
4570,5479,364,3145,13558
0,0,1430,2391,3821
4835,6032,0,5005,15872
5212,1739,3888,4982,15821
4729,3047,0,4358,12134
4826,3840,7120,2348,18134
0,5218,3381,1158,9757
4829,0,0,5294,10123
522,13190,0,0,13712
4767,6311,2187,2561,15826
3707,2232,0,5123,11062
5236,4289,0,0,9525
5167,0,0,4157,9324
14930,3191,2717,8771,29609
7115,6609,4671,7815,26210
0,8775,7265,9255,25295
2064,4769,5378,0,12211
1194,553,4045,4453,10245
7784,0,7378,0,15162
3992,0,5240,11221,20453
0,1756,7997,8438,18191
2001,0,3447,8400,13848
4114,491,682,3023,8310
7146,0,3806,0,10952
576,7152,5711,8179,21618
6686,0,5002,10190,21878
1223,6255,7739,4715,19932
0,12767,5208,0,17975
0,7029,7815,2677,17521
4580,7748,3827,2586,18741
6245,1140,488,5929,13802
5018,10922,8010,4071,28021
7664,1262,5570,3329,17825
11588,0,4028,7698,23314
333,8735,2372,0,11440
4502,0,2798,4010,11310
4649,6535,4086,0,15270
6566,4216,0,5574,16356
3856,0,3380,2812,10048
0,13176,0,7166,20342
2046,0,0,3450,5496
7489,0,0,12693,20182
1231,4048,2055,9751,17085
3382,7264,2129,9824,22599
4619,1911,2853,10540,19923
0,5601,6709,0,12310
1925,0,5823,4578,12326
6422,2631,3810,2355,15218
7578,0,0,977,8555
0,6736,11625,10820,29181
12884,16363,2645,4469,36361
3238,1133,1460,0,5831
2462,0,3049,2359,7870
3375,0,8682,4860,16917
0,9272,4232,4381,17885
3700,0,9242,4574,17516
0,4149,6094,4561,14804
12556,852,3129,9079,25616
8585,6297,0,2951,17833
336,782,0,0,1118
3853,10471,1041,0,15365
5027,3468,14856,4052,27403
0,3194,0,0,3194
3121,4213,0,7573,14907
2564,8238,442,9621,20865
7746,9811,0,1608,19165
5224,4801,379,2872,13276
0,5510,288,7165,12963
1101,1935,8399,0,11435
0,7345,5720,6123,19188
2580,0,0,3268,5848
5903,7652,3842,3343,20740
2905,2371,8823,3459,17558
8492,1574,0,4283,14349
1883,7526,4400,9101,22910
3700,1640,0,2702,8042
4775,3926,848,1241,10790
0,0,0,9820,9820
3406,7301,0,788,11495
4634,0,2550,956,8140
0,10296,3864,860,15020
0,0,2693,1453,4146
0,0,3865,0,3865
5229,7695,0,4198,17122
4320,0,0,0,4320
3346,7453,4127,1866,16792
2634,11013,9759,0,23406
4593,0,5804,901,11298
0,4634,2234,0,6868
0,3157,535,16149,19841
6610,10305,0,11654,28569
0,5698,3187,0,8885
2814,2376,10747,0,15937
0,0,1075,0,1075
7082,9387,3356,2628,22453
1575,9624,0,6208,17407
3312,0,2372,2894,8578
1095,5992,8339,7277,22703
3999,0,7202,1773,12974
3169,8449,0,0,11618
3900,0,2428,2092,8420
0,3602,1223,456,5281
1664,4516,0,9009,15189
0,946,5129,4646,10721
2016,3206,0,4856,10078
0,2824,3583,938,7345
0,0,2569,0,2569
3033,4533,0,5625,13191
0,8572,4248,0,12820
7938,0,2086,0,10024
11801,0,4160,10176,26137
0,319,4443,0,4762
4641,0,0,765,5406
4485,1155,3076,3706,12422
3696,12419,3287,0,19402
0,6843,3572,8260,18675
0,766,4164,6654,11584
5859,8195,3429,12382,29865
0,7189,1152,0,8341
0,6082,4428,2852,13362
3018,882,5656,3013,12569
0,1654,0,5201,6855
1176,5118,0,8426,14720
5811,5074,0,322,11207
0,1951,4387,4545,10883
0,4278,3742,2861,10881
7123,4734,3572,0,15429
5030,0,8012,0,13042
5479,3942,3619,0,13040
8210,2402,4802,8382,23796
8187,4958,8965,0,22110
5924,9393,3375,0,18692
7604,352,3484,728,12168
3218,966,3092,7726,15002
7168,6749,4930,1715,20562
2863,2390,4223,4928,14404
12120,641,3137,2680,18578
7196,2857,3575,2137,15765
788,2982,4574,4585,12929
7858,0,15360,0,23218
5069,5302,3603,11562,25536
4163,4591,636,5025,14415
0,3438,0,2403,5841
1594,3443,3822,5516,14375
7853,3676,4070,706,16305
350,745,6339,0,7434
0,1374,0,8740,10114
0,5254,1071,1683,8008
356,3902,11709,10320,26287
0,4980,4537,0,9517
4819,5706,1852,1589,13966
0,0,2567,0,2567
3068,0,5051,5255,13374
3952,4733,3188,5458,17331
6003,5694,4367,7084,23148
8981,0,1981,0,10962
822,4111,0,0,4933
0,0,768,6849,7617
5269,0,3383,1629,10281
0,0,2476,0,2476
0,1729,0,8710,10439
9208,3939,6709,3451,23307
4547,6248,5747,1799,18341
6985,0,0,6410,13395
789,5204,8076,6540,20609
4720,2043,2422,1965,11150
0,0,3655,5554,9209
6919,2806,1126,0,10851
0,0,3673,8320,11993
4116,5013,861,0,9990
2864,0,4724,8437,16025
0,8294,2316,485,11095
0,4872,9462,11540,25874
8975,5112,3488,9881,27456
8593,4856,8412,16482,38343
7634,2308,1536,5894,17372
4831,4050,6544,0,15425
0,0,6507,4020,10527
0,0,646,5213,5859
4884,1147,0,11145,17176
1542,4725,5256,1388,12911
0,10133,1763,2335,14231
3711,0,0,7760,11471
0,7603,4745,0,12348
0,4885,6047,6964,17896
2150,0,1574,8128,11852
3564,3847,2106,0,9517
0,5872,0,0,5872
5329,0,7726,0,13055
4181,0,0,1400,5581
0,0,7497,0,7497
5401,6677,460,4597,17135
5092,412,4468,6732,16704
1129,0,2430,2904,6463
0,0,5670,0,5670
2685,0,8335,3284,14304
2213,4052,0,3871,10136
722,4156,6664,0,11542
0,14507,0,0,14507
0,3109,4232,661,8002
2124,2919,3155,10760,18958
3220,0,5624,2968,11812
0,0,9769,1130,10899
7505,0,11029,0,18534
0,6754,1360,2568,10682
5066,3638,2657,0,11361
0,7566,5323,0,12889
0,0,11001,1065,12066
0,1428,574,0,2002
4317,3361,3993,4475,16146
5114,0,0,3932,9046
0,0,2348,2467,4815
4810,0,3221,10072,18103
8871,5224,10630,1466,26191
4080,5403,1733,0,11216
0,10077,0,0,10077
4050,0,4196,10144,18390
3795,508,0,4205,8508
0,0,5678,4025,9703
4539,2050,0,0,6589
4223,2590,0,4360,11173
4802,3464,3841,11990,24097
4966,6201,4691,4874,20732
3980,0,8139,0,12119
0,3662,9813,10603,24078
0,3364,0,0,3364
0,3135,0,4447,7582
983,1420,3705,3526,9634
7051,3544,4994,4991,20580
0,1208,1681,4386,7275
2269,653,3779,4697,11398
4283,4499,0,0,8782
0,2136,0,2960,5096
0,2498,6162,3004,11664
0,0,2214,10126,12340
2356,1385,2791,2824,9356
773,0,0,0,773
0,0,0,6755,6755
15362,4936,2831,0,23129
0,3434,0,541,3975
1980,0,0,0,1980
1324,4267,2514,3258,11363
0,5838,0,0,5838
4692,3067,3035,0,10794
5161,567,0,0,5728
0,0,1802,0,1802
6895,3093,0,3380,13368
3496,3497,0,2678,9671
0,0,0,1959,1959
11949,7659,0,2404,22012
7058,3772,0,9029,19859
4776,0,9324,3469,17569
5306,17517,4151,1031,28005
0,0,1657,4242,5899
5115,5043,3511,6612,20281
7853,8690,0,7495,24038
10677,3046,983,6690,21396
0,3016,0,0,3016
5029,4163,2918,3387,15497
0,7551,4233,0,11784
453,6770,5215,0,12438
0,0,0,1074,1074
7063,6716,6784,4364,24927
4578,1899,3223,5007,14707
279,3575,0,6241,10095
0,6319,0,8926,15245
4644,0,0,4411,9055
1532,4027,12034,459,18052
3817,7662,4450,7449,23378
0,3483,3718,632,7833
0,0,3327,8755,12082
7714,0,4959,2495,15168
3243,6574,0,10658,20475
0,6439,13889,5469,25797
4402,12298,5157,10393,32250
5019,0,1128,1501,7648
1764,4778,2749,0,9291
654,7727,3693,8146,20220
3775,5390,5992,0,15157
10728,2530,0,2396,15654
2199,2342,8909,5448,18898
9627,0,3540,0,13167
4482,9671,7010,0,21163
3105,8393,1169,6664,19331
3592,8110,2183,0,13885
6741,1205,0,1332,9278
7125,0,13008,5959,26092
6653,522,0,4211,11386
5277,690,8777,8808,23552
7732,1351,1914,1213,12210
5071,4237,0,0,9308
3420,3956,9295,4570,21241
0,4983,0,7164,12147
3241,8505,4093,0,15839
2297,2055,0,4465,8817
574,3584,0,0,4158
0,8928,0,3470,12398
9676,5374,2490,3662,21202
2340,12700,10384,2473,27897
3523,4100,1958,13954,23535
3040,0,4522,818,8380
3402,3084,4781,954,12221
2199,0,0,0,2199
3789,1673,703,0,6165
3656,7066,2883,0,13605
4864,0,0,4013,8877
0,7346,12900,2701,22947
820,5584,5011,1914,13329
0,4332,0,0,4332
0,1154,3064,0,4218
2780,0,4865,14020,21665
1940,2721,4515,8428,17604
1137,944,0,5138,7219
8323,5636,3671,1621,19251
0,483,2980,4920,8383
438,0,5824,2655,8917
2023,5162,4498,3716,15399
2127,0,2998,6715,11840
0,4277,1463,6082,11822
4030,2564,0,4204,10798
3708,0,0,0,3708
0,5464,0,2131,7595
8216,0,0,2346,10562
3113,7351,0,0,10464
2710,4858,5614,3546,16728
1620,0,12889,5176,19685
0,6293,5112,1851,13256
6552,3126,11318,0,20996
5231,4052,3681,6905,19869
521,4296,7229,0,12046
1854,8247,0,0,10101
0,0,3953,9776,13729
0,4428,5835,3600,13863
3001,7952,4780,2802,18535
3038,854,7457,6227,17576
3003,13334,0,6599,22936
0,911,7527,4028,12466
0,4890,4058,1801,10749
0,6464,4770,5384,16618
0,2075,7897,6922,16894
646,0,0,7517,8163
0,1822,8181,9793,19796
0,3244,0,3843,7087
1239,2144,3763,646,7792
5378,4871,803,1459,12511
3911,0,908,5602,10421
452,3791,4541,0,8784
0,3297,4286,4535,12118
2429,6196,3771,0,12396
0,8497,0,4440,12937
4951,4003,4895,2467,16316
0,3317,0,1882,5199
2459,0,0,5966,8425
9087,6040,0,4078,19205
0,3526,0,4379,7905
0,277,0,2525,2802
4387,10104,0,1866,16357
2910,3907,0,0,6817
3937,5085,8615,0,17637
0,7423,2491,1031,10945
4717,6314,0,0,11031
323,3314,2255,0,5892
2368,1109,2936,6323,12736
1083,3704,7915,1765,14467
5384,10797,2490,5390,24061
9261,3747,0,0,13008
4645,4766,10363,0,19774
0,4630,0,5976,10606
0,969,4926,6103,11998
1546,0,5367,8342,15255
0,0,9073,0,9073
6477,2102,0,3810,12389
2477,1066,5422,636,9601
10710,0,0,4903,15613
0,3503,12335,0,15838
4479,10443,12363,3805,31090
0,0,6588,0,6588
0,6292,2114,0,8406
1959,328,2044,2922,7253
3241,2876,0,18502,24619
6620,11973,4219,0,22812
2988,4615,4245,4930,16778
4893,322,513,0,5728
3129,14909,6953,2793,27784
8007,5124,5335,0,18466
2852,16045,2379,1703,22979
0,966,855,0,1821
6552,2497,14620,10401,34070
6467,11040,8059,12432,37998
4203,0,8366,7540,20109
3132,0,3067,0,6199
7612,2989,3648,5893,20142
5371,7306,9313,0,21990
3690,7864,7473,2512,21539
6668,2092,2050,0,10810
2712,3897,3759,0,10368
6887,5532,0,0,12419
4490,5505,0,0,9995
9279,15365,0,4943,29587
2490,3620,5712,8834,20656
10287,8183,0,0,18470
0,11111,5098,0,16209
7107,3655,0,0,10762
6818,1686,0,3667,12171
203,1062,1574,0,2839
2387,655,1415,4928,9385
4215,0,6472,1022,11709
4389,4516,5047,8577,22529
8089,1480,2275,10564,22408
0,2296,7657,0,9953
2864,2315,2918,2879,10976
8254,1808,7993,14531,32586
8182,0,10797,9105,28084
0,3139,0,0,3139
0,0,15259,6908,22167
402,2695,0,0,3097
0,5887,5913,5330,17130
4910,11325,6231,3232,25698
0,6647,0,3356,10003
2104,2595,727,5016,10442
12165,3308,0,0,15473
12540,0,0,2533,15073
2666,7093,0,9714,19473
4017,0,7576,9134,20727
0,8210,9845,0,18055
0,7285,0,5477,12762
5766,2368,13391,6629,28154
7685,1292,0,2858,11835
0,0,3410,4684,8094
14137,5079,8487,0,27703
4837,5661,1743,9454,21695
1623,0,14271,3480,19374
2520,2272,0,1634,6426
2430,0,0,1437,3867
4916,0,0,0,4916
2434,0,2607,4155,9196
0,658,4248,2442,7348
4607,0,0,6074,10681
0,4795,7860,0,12655
5326,4912,8151,3690,22079
5298,10509,1846,2703,20356
8560,5050,1526,1947,17083
1430,1417,3149,11306,17302
7403,0,0,2759,10162
4757,1723,0,1328,7808
4844,12242,9445,9403,35934
0,1703,0,5102,6805
2364,5976,2264,0,10604
0,9150,0,5186,14336
4818,4885,3482,6511,19696
1279,0,2327,3681,7287
0,2265,1532,0,3797
0,3449,0,0,3449
2437,2859,6170,0,11466
6446,0,0,6820,13266
0,4382,3434,11319,19135
11168,3201,17215,0,31584
3739,7725,4986,0,16450
0,3059,3317,5564,11940
8937,3572,9065,0,21574
420,0,0,0,420
14762,5196,8823,4613,33394
4926,9132,5209,4800,24067
2584,5182,1628,10555,19949
1363,0,2843,0,4206
0,0,1137,1151,2288
6699,4500,5765,3806,20770
10276,1971,6252,704,19203
0,1098,0,8423,9521
9759,3200,0,7016,19975
799,4871,0,2135,7805
7164,0,4355,6741,18260
3968,0,1047,0,5015
4042,7059,6476,3196,20773
0,9361,0,5866,15227
0,2184,7075,6414,15673
0,3500,2863,5020,11383
2680,0,8045,3709,14434
4722,8944,3775,4367,21808
0,4516,1432,359,6307
0,1986,2382,2899,7267
3212,1985,4149,0,9346
1831,4154,6423,1816,14224
3742,3282,9964,3813,20801
0,8180,2359,2387,12926
0,4909,5050,0,9959
1577,301,0,0,1878
0,0,3814,0,3814
0,3786,3699,1892,9377
4623,0,503,0,5126
5406,743,4580,3826,14555
0,2541,0,4714,7255
0,3480,3704,7591,14775
3502,9761,3442,0,16705
7181,8349,2634,0,18164
4885,0,0,5732,10617
0,1647,3426,4533,9606
0,7359,4171,12668,24198
0,7595,5310,0,12905
3411,1938,10088,0,15437
1914,0,13011,0,14925
391,0,3175,3511,7077
0,4091,3123,7666,14880
3900,0,1697,4190,9787
0,1426,0,0,1426
0,1162,1439,0,2601
0,3302,2202,0,5504
493,7745,0,0,8238
0,4167,0,3774,7941
11166,0,0,0,11166
935,1283,1615,643,4476
4143,8974,4825,0,17942
0,0,0,5053,5053
7683,920,0,3626,12229
2003,2208,2095,4980,11286
0,2854,6485,14869,24208
0,0,4036,5194,9230
0,0,431,669,1100
10155,1050,4166,6272,21643
6208,7657,0,0,13865
1780,0,5290,0,7070
901,0,5411,0,6312
3455,9911,0,0,13366
3344,5556,5642,2567,17109
0,1553,7374,4025,12952
1028,7741,7609,3388,19766
627,8674,0,0,9301
6250,8172,1646,1966,18034
9854,12304,3514,4429,30101
0,5113,0,6914,12027
3739,4855,3268,1050,12912
3835,4792,3155,6067,17849
8736,3870,4839,0,17445
0,719,3847,1917,6483
4688,11855,3197,0,19740
5902,0,14267,0,20169
5718,5850,2935,0,14503
1864,0,3766,2036,7666
0,8416,1597,7795,17808
0,5071,9111,2944,17126
0,3416,4121,7585,15122
664,0,3301,0,3965
7027,3451,0,1866,12344
5314,5222,4281,1680,16497
3737,11067,0,3728,18532
4392,4545,0,10759,19696
3779,779,0,0,4558
8789,0,0,0,8789
10156,1795,7184,0,19135
0,2666,5212,4544,12422
0,3661,0,4352,8013
4406,682,1491,3547,10126
337,4272,2341,0,6950
6075,0,0,3571,9646
5217,7452,0,1882,14551
5383,0,3473,4442,13298
0,7502,0,3604,11106
1011,1783,2736,8203,13733
1458,0,0,5751,7209
0,4814,7698,0,12512
4229,0,3629,0,7858
0,0,4795,3855,8650
4784,0,4854,5166,14804
4136,0,8526,4310,16972
7847,7531,1294,3238,19910
3240,4198,378,0,7816
7749,7104,4744,8162,27759
5867,0,1533,6483,13883
1169,0,0,4085,5254
0,6323,0,1892,8215
4594,0,0,5088,9682
0,0,2796,0,2796
434,1986,3761,3131,9312
2222,6006,1399,416,10043
7402,0,2317,3916,13635
5925,4118,3434,3304,16781
13590,0,7331,4763,25684
6071,472,8655,0,15198
797,0,3381,2948,7126
1322,1621,955,0,3898
2090,9146,3806,5909,20951
0,8108,4582,1096,13786
6087,1650,0,1190,8927
8812,5333,2673,4487,21305
3143,3663,4400,0,11206
0,0,4169,1718,5887
3447,8167,528,7249,19391
0,2989,1129,361,4479
3319,3031,0,4302,10652
0,4274,2633,0,6907
3792,9775,0,5035,18602
8645,4140,8904,9796,31485
4374,1782,511,6464,13131
9708,0,8987,4737,23432
2160,1477,0,9993,13630
0,4783,0,3300,8083
823,6023,9449,11611,27906
0,3542,11435,6917,21894
0,0,5878,3563,9441
0,10666,0,4537,15203
8982,7778,2296,4482,23538
2376,4197,0,6658,13231
5097,743,7051,2170,15061
0,1076,0,7689,8765
885,0,3664,5762,10311
2450,2075,1362,0,5887
0,1949,5012,7343,14304
7199,15833,0,886,23918
0,0,5099,3356,8455
0,3723,515,0,4238
4099,3230,218,1855,9402
0,5443,0,8413,13856
0,10127,6090,5141,21358
0,0,2443,5056,7499
3923,3846,2813,4301,14883
9354,0,5038,4974,19366
0,4677,0,8157,12834
6458,1336,310,4184,12288
0,0,6731,2026,8757
2165,1696,4312,726,8899
3614,3268,9610,3986,20478
834,5477,3131,5480,14922
3949,5354,0,0,9303
4113,887,846,2278,8124
5524,4011,1198,3797,14530
2339,5133,0,7944,15416
817,4959,0,8963,14739
4361,2885,785,1481,9512
0,3576,3585,2389,9550
2043,1791,4276,3036,11146
0,4606,515,0,5121
3069,3596,3875,4121,14661
0,0,1996,3651,5647
0,0,0,980,980
4640,1277,0,0,5917
0,0,5574,2725,8299
0,3888,3214,8344,15446
5946,0,911,10158,17015
7359,0,0,8082,15441
4543,2230,8127,1814,16714
5636,6633,0,3165,15434
8182,179,6802,4472,19635
4166,5186,504,2611,12467
0,4228,0,4837,9065
1271,1507,4242,8749,15769
5094,737,10665,9949,26445
1279,4525,12430,14862,33096
6016,10856,1646,0,18518
4631,751,2951,9346,17679
4127,4659,913,4635,14334
4127,8063,1119,0,13309
8254,0,1272,0,9526
278,0,0,0,278
2707,4809,0,0,7516
4656,8148,2229,449,15482
0,0,5758,8401,14159
3077,3177,4525,0,10779
2237,2941,2613,0,7791
3580,0,0,8217,11797
4939,2462,8429,3584,19414
4276,1059,3456,2120,10911
7805,0,3964,403,12172
1984,6754,1663,2959,13360
0,0,2009,9063,11072
0,10374,2439,5255,18068
4967,0,0,0,4967
0,6463,5429,0,11892
10357,6606,0,3878,20841
3980,0,0,1835,5815
0,5731,6367,1811,13909
3657,6227,4833,0,14717
5396,2152,2788,10022,20358
0,15771,3014,0,18785
0,7297,0,1620,8917
590,2898,1264,4709,9461
8896,6358,5872,4234,25360
3539,0,4363,3288,11190
9456,0,762,0,10218
0,139,1431,4011,5581
8855,0,1247,7568,17670
5990,3411,0,0,9401
4033,4206,9517,6188,23944
4024,5394,7023,2833,19274
2466,0,0,1219,3685
2941,5514,0,3873,12328
0,1207,0,0,1207
2569,2928,2984,6712,15193
8388,0,579,8664,17631
1784,4268,11162,6027,23241
3448,5093,6240,0,14781
0,0,10599,9959,20558
0,0,2426,9772,12198
0,1156,934,9312,11402
4742,13407,0,3264,21413
8105,2121,0,6585,16811
0,1273,10410,9599,21282
5092,1829,4556,3838,15315
4887,4006,4860,1014,14767
16019,0,0,4976,20995
4678,5029,2332,5295,17334
6620,943,6679,8813,23055
9471,0,0,778,10249
0,5279,0,4832,10111
5463,5738,0,3575,14776
2571,5268,0,0,7839
725,2617,6078,5837,15257
2137,770,5441,2308,10656
1939,4793,776,2900,10408
4767,331,2551,294,7943
2677,3047,0,3378,9102
0,4943,3848,0,8791
6278,0,4946,7845,19069
0,2814,0,0,2814
0,0,673,9061,9734
1943,5222,0,0,7165
891,4703,499,2851,8944
0,5039,0,3603,8642
0,0,0,3895,3895
9756,3650,684,0,14090
5172,2312,4176,0,11660
0,11981,465,0,12446
0,2474,0,3278,5752
7380,5666,4851,0,17897
0,4191,4284,10919,19394
3265,2808,0,0,6073
12308,13452,2073,2627,30460
2502,654,4729,6609,14494
0,12635,8632,0,21267
7715,0,0,707,8422
611,0,7774,4838,13223
670,10445,0,3983,15098
1424,2589,2549,0,6562
4975,0,0,0,4975
1804,8507,8281,7682,26274
2164,753,6364,2140,11421
841,0,2564,816,4221
8854,5683,3389,2276,20202
5098,1116,0,1625,7839
3942,0,4900,2955,11797
7554,1373,5004,4284,18215
8050,0,0,5464,13514
2731,0,3922,5827,12480
0,1590,6290,6203,14083
5448,3751,2742,1086,13027
0,2872,431,4076,7379
2296,0,0,4511,6807
2242,0,4228,5557,12027
4668,2481,3076,4939,15164
2477,0,4218,3310,10005
4074,0,0,3618,7692
5828,2325,0,0,8153
5823,7631,0,10906,24360
4676,2356,0,1142,8174
3876,8421,2516,0,14813
12394,351,4442,0,17187
1364,1258,835,1400,4857
0,868,2392,0,3260
4092,2073,0,2099,8264
549,4415,6298,321,11583
4553,2508,3743,7849,18653
2792,879,4634,881,9186
849,3595,8924,0,13368
0,3617,0,1976,5593
7592,0,603,8024,16219
5908,0,2430,0,8338
13869,0,3134,0,17003
5499,6985,4002,0,16486
3573,0,0,11132,14705
2869,4737,5351,5929,18886
5160,2483,4304,1039,12986
0,8364,11704,2615,22683
8068,0,2680,2807,13555
6829,4327,0,8107,19263
2609,0,5494,0,8103
0,0,0,3770,3770
1914,0,3826,3399,9139
0,0,0,4587,4587
10211,4001,5446,0,19658
0,8944,451,0,9395
1614,907,2546,2258,7325
3137,0,2644,4174,9955
6442,341,0,0,6783
8704,2300,3373,0,14377
0,4076,0,4489,8565
341,0,7343,0,7684
0,0,8133,4866,12999
2673,0,0,3754,6427
0,5293,17320,2327,24940
0,4004,6957,3577,14538
0,13240,10063,2842,26145
289,2760,4877,12243,20169
3197,4250,6852,11384,25683
1808,12117,4910,2418,21253
0,8133,1931,3763,13827
1762,5608,0,0,7370
3294,0,1350,4219,8863
3570,4201,939,4761,13471
2530,468,4586,4031,11615
436,0,5190,0,5626
2873,3664,0,2610,9147
976,3960,0,4164,9100
724,3874,4867,3802,13267
0,7760,0,9784,17544
0,4969,0,3067,8036
0,0,3207,5094,8301
4495,4918,7644,0,17057
5002,6192,0,8566,19760
5199,0,5687,0,10886
1921,4314,3504,8114,17853
9133,5929,3222,721,19005
0,0,4132,6226,10358
3754,2967,2836,3910,13467
4236,1084,0,1421,6741
0,4060,14931,1694,20685
11348,4331,4509,1685,21873
0,1482,4738,1070,7290
4355,0,0,2440,6795
2340,0,692,2090,5122
0,1116,1916,4428,7460
0,6428,8087,0,14515
0,0,2596,726,3322
3750,0,7164,0,10914
6183,7866,0,7049,21098
11589,6902,0,6355,24846
0,6400,0,5073,11473
3455,2640,3012,3756,12863
5458,5670,4795,3068,18991
5420,0,1748,5861,13029
2884,0,7687,4711,15282
1690,0,0,0,1690
6246,3547,0,6869,16662
0,0,2869,1550,4419
1163,1308,5740,1897,10108
0,8425,1497,12992,22914
0,215,2588,0,2803
3456,8243,4656,2944,19299
4277,0,0,0,4277
3631,5643,0,0,9274
7684,0,5980,5280,18944
4246,8057,5306,0,17609
0,4935,0,4521,9456
6465,1363,0,3619,11447
4355,4471,7124,5177,21127
2075,648,0,2424,5147
1532,9677,3267,6502,20978
7482,12216,1049,0,20747
10545,783,4982,7062,23372
5932,0,7367,0,13299
8750,4673,2400,3711,19534
6556,2700,1323,8933,19512
0,2190,1521,0,3711
4740,4139,3563,14033,26475
2494,0,4356,0,6850
2224,0,3074,0,5298
0,5047,6209,4810,16066
2642,3484,0,5723,11849
0,4110,7381,0,11491
2783,3715,3527,0,10025
6034,2976,9843,1866,20719
5172,4483,4426,0,14081
3431,0,7423,3437,14291
5741,2780,2320,0,10841
0,4661,4969,0,9630
2318,0,0,6560,8878
0,0,0,15243,15243
3647,4808,0,2761,11216
2414,4869,4774,0,12057
7563,0,5172,4656,17391
0,1000,4176,0,5176
3446,0,466,1634,5546
0,0,8845,0,8845
2799,1930,0,0,4729
477,2179,9221,0,11877
1836,0,0,6399,8235
0,4246,352,8355,12953
0,3108,0,4363,7471
619,0,0,3345,3964
0,477,0,0,477
335,5153,0,708,6196
3492,5245,0,3116,11853
1840,1017,2913,0,5770
2127,11366,1654,0,15147
2649,4670,0,10704,18023
0,0,11150,1630,12780
3554,1547,1428,3712,10241
3424,1391,5259,4990,15064
1429,4016,0,0,5445
0,3209,5432,4984,13625
0,0,2704,4465,7169
11543,0,6543,8777,26863
1804,5325,0,6270,13399
2223,3385,2023,4074,11705
2016,0,0,4712,6728
3864,0,0,0,3864
0,0,8255,3048,11303
0,0,3041,3707,6748
0,4665,5871,7498,18034
4472,7020,4453,4520,20465
3937,3080,2041,0,9058
0,0,0,3766,3766
0,6705,0,0,6705
5898,1808,0,0,7706
0,0,1730,3128,4858
4698,0,0,4276,8974
7367,11714,10806,0,29887
0,4699,3457,0,8156
0,0,3807,8815,12622
3092,5263,2875,3102,14332
7444,6950,5947,2620,22961
4994,2765,2579,3466,13804
3302,2872,0,15942,22116
1321,5057,4232,0,10610
2408,2947,6354,0,11709
725,0,1650,1338,3713
261,0,1944,0,2205
8433,2466,385,6931,18215
0,3494,9430,0,12924
0,8401,10903,2541,21845
0,0,6905,0,6905
4895,7428,2260,3700,18283
4761,0,8273,5346,18380
3685,9315,4252,0,17252
0,0,0,3407,3407
3447,4086,1079,10073,18685
7635,5732,4955,0,18322
0,0,1753,8803,10556
0,0,1033,2951,3984
5189,4093,0,9317,18599
0,700,4809,0,5509
0,8345,0,1778,10123
6455,8758,2910,0,18123
3934,6314,5883,0,16131
5134,0,0,0,5134
0,901,0,8296,9197
2352,4208,0,0,6560
0,5129,1210,6185,12524
7976,0,7527,0,15503
7839,9126,1912,0,18877
3809,1662,915,7714,14100
0,0,3824,8058,11882
0,0,0,8489,8489
0,0,3992,4027,8019
0,8207,8838,4620,21665
0,0,131,7803,7934
6357,0,224,7745,14326
1502,636,7570,1308,11016
3398,0,3571,5859,12828
5282,6106,4076,6175,21639
5127,3140,3567,1064,12898
15020,9105,4680,0,28805
1465,11161,4247,9864,26737
3344,1172,1706,0,6222
0,6302,0,2611,8913
0,2837,3457,6926,13220
5666,8550,1623,4041,19880
5910,11284,7601,7848,32643
4066,0,724,13236,18026
1166,6321,0,0,7487
3746,1819,1958,2170,9693
0,1111,4406,0,5517
0,5686,2350,10627,18663
10081,0,0,14268,24349
0,0,6707,4851,11558
0,5371,3050,12879,21300
4417,0,0,3502,7919
1865,0,273,0,2138
0,3838,3378,0,7216
0,2924,0,0,2924
4827,3561,480,0,8868
0,7321,3819,7767,18907
2108,14635,0,1895,18638
4227,15134,4166,4041,27568
4578,5581,0,0,10159
4728,7125,0,0,11853
0,2185,1019,0,3204
0,5500,7896,880,14276
3427,0,8750,6679,18856
9361,1306,0,0,10667
11964,0,4261,4504,20729
0,0,12260,0,12260
6727,0,5337,1583,13647
6791,2703,7245,0,16739
0,10644,0,0,10644
696,4970,7968,12258,25892
672,3283,3493,5691,13139
0,5172,12128,0,17300
584,0,1727,582,2893
5583,5503,0,0,11086
4210,10351,0,1887,16448
0,0,11550,256,11806
0,1341,0,10443,11784
5601,4382,0,0,9983
5161,2001,11155,4118,22435
0,3895,0,5692,9587
4989,4214,2959,0,12162
0,0,3590,754,4344
7115,8312,3395,8338,27160
681,4245,0,3368,8294
4630,7822,2211,2617,17280
0,9573,2058,7911,19542
6827,6562,0,0,13389
575,1830,0,0,2405
874,11360,2060,12458,26752
6596,1935,0,5724,14255
0,4066,3724,0,7790
0,6343,614,0,6957
1647,13963,0,1143,16753
3774,3821,2842,0,10437
2938,7782,12195,4802,27717
5123,0,5330,9706,20159
7000,552,2639,5759,15950
636,4166,7382,10671,22855
0,4964,2250,9027,16241
3376,0,4650,6559,14585
5142,0,4604,7571,17317
3702,7263,8209,2149,21323
0,5678,0,0,5678
0,0,2853,598,3451
5087,0,4650,0,9737
3308,9411,19107,0,31826
0,457,1988,1347,3792
2406,3362,0,2983,8751
6905,1433,4324,0,12662
5757,3804,656,5507,15724
8499,3790,913,5069,18271
4851,5119,7796,6189,23955
2748,7448,3065,5197,18458
5013,5703,2433,3494,16643
2470,8603,5799,3344,20216
5450,2188,0,3874,11512
10072,4323,0,3291,17686
4375,0,3506,7392,15273
9479,9402,3226,833,22940
324,8497,2009,0,10830
5952,0,13985,1463,21400
0,3253,0,0,3253
4841,8049,9884,1394,24168
3617,3805,1304,2353,11079
0,2544,17222,8112,27878
3933,0,0,0,3933
5005,2627,0,1060,8692
4428,3671,8287,0,16386
4636,5196,5220,6590,21642
2955,2937,1329,4718,11939
3889,0,8422,0,12311
0,5821,5200,5912,16933
501,7633,2732,308,11174
1756,4681,2489,0,8926
0,1380,0,397,1777
9779,5786,0,4788,20353
3467,0,4311,0,7778
0,5854,0,9153,15007
0,0,3710,14545,18255
227,7319,4319,0,11865
7771,3632,5117,0,16520
7050,4235,5160,3233,19678
3241,0,3576,0,6817
7820,7953,0,4073,19846
564,4595,4260,3732,13151
4555,3696,11284,0,19535
9750,4181,821,3753,18505
0,7400,0,2528,9928
0,7518,7141,4928,19587
5423,0,473,4905,10801
4356,9453,1652,6882,22343
1829,0,6034,5522,13385
1017,7071,1444,705,10237
2677,5697,8269,911,17554
1419,0,2705,0,4124
0,5081,0,4432,9513
2455,6505,2736,12244,23940
5291,1883,870,3169,11213
9209,3179,0,2434,14822
4579,8031,3747,0,16357
0,3394,882,3987,8263
0,0,4872,1108,5980
6290,0,8722,1636,16648
2353,3719,5605,0,11677
2243,4380,4123,0,10746
0,0,0,1653,1653
0,3450,11739,0,15189
4882,0,6866,10802,22550
1414,0,4310,8150,13874
1431,0,6809,5147,13387
5655,0,7443,9309,22407
6930,1075,4827,0,12832
0,3997,3215,4490,11702
3406,10753,5429,0,19588
0,0,0,4985,4985
2006,831,3834,4405,11076
601,2213,6637,0,9451
2449,544,1320,3172,7485
6913,1847,6837,0,15597
0,7195,5783,1822,14800
6022,4339,4337,0,14698
0,1252,6272,4289,11813
1064,1123,3183,0,5370
0,5068,5560,3712,14340
4201,4114,11215,1517,21047
6565,0,845,0,7410
3549,19815,0,1409,24773
0,0,0,8250,8250
0,2294,2635,0,4929
2861,2799,870,13246,19776
0,3980,3772,2795,10547
0,0,0,11964,11964
3005,4077,0,4173,11255
3682,0,2511,0,6193
4261,0,0,0,4261
0,0,15274,2279,17553
4995,839,1585,8904,16323
4977,0,6223,3607,14807
0,1895,0,5617,7512
3155,1649,515,3439,8758
5165,4782,5623,10037,25607
0,0,4909,4173,9082
4788,4225,2969,5329,17311
0,7751,1642,957,10350
2637,0,2330,7433,12400
4064,4846,0,4643,13553
3343,0,0,0,3343
7716,2346,3279,5175,18516
4405,2398,9056,899,16758
5740,9452,5381,386,20959
3536,6141,5291,0,14968
4165,4446,16391,5042,30044
3197,7288,1489,12856,24830
2689,3426,5557,2584,14256
9635,4040,0,4531,18206
3823,0,0,4375,8198
0,5726,4698,2936,13360
0,2291,5587,0,7878
7856,3424,6613,9024,26917
3150,4045,619,3683,11497
3823,0,2238,3717,9778
2980,749,3152,0,6881
498,5795,2155,0,8448
0,0,0,411,411
2184,1382,0,0,3566
4807,0,0,2243,7050
2322,4042,0,5909,12273
5370,3856,1824,7521,18571
11744,5453,7109,4974,29280
9017,5842,7270,1404,23533
0,0,1876,0,1876
7342,2440,0,0,9782
2309,2936,6856,2139,14240
12027,0,0,8411,20438
7056,0,398,7853,15307
0,7930,0,0,7930
0,545,0,0,545
0,0,11031,9599,20630
1590,4212,5576,3871,15249
6376,3707,0,3361,13444
0,0,0,4052,4052
5522,0,0,1381,6903
8378,0,12078,1119,21575
2542,4921,0,6661,14124
3152,2922,2823,0,8897
0,0,5144,6543,11687
0,14945,1398,9518,25861
4945,0,1236,0,6181
4573,3399,0,594,8566
734,3654,0,3991,8379
3186,2246,0,1099,6531
8019,0,2014,5192,15225
3887,0,9148,10533,23568
0,6483,0,5548,12031
2435,3024,6483,0,11942
5028,0,5165,197,10390
2904,0,8844,5110,16858
1030,4090,10395,3437,18952
0,3630,6310,0,9940
1527,4459,0,6898,12884
0,2927,4092,0,7019
3574,11388,960,2433,18355
17353,2175,2105,4894,26527
0,2062,0,6605,8667
5652,6557,2008,1520,15737
9643,6392,4989,1981,23005
4700,11368,0,414,16482
6013,3833,4373,5671,19890
3103,4711,1146,568,9528
0,4713,5114,3418,13245
3579,0,0,0,3579
0,0,3975,1948,5923
1986,4075,0,1142,7203
0,0,0,7388,7388
1756,0,4167,3805,9728
2108,6075,0,2144,10327
4481,0,0,0,4481
9304,7423,6171,1606,24504
16004,4414,3404,4642,28464
1427,486,0,4135,6048
6222,9537,2971,0,18730
9859,4375,0,4296,18530
9745,5621,14857,5071,35294
7520,5301,2914,0,15735
4701,0,1559,0,6260
0,1014,0,7026,8040
7854,0,2437,0,10291
6826,1632,7795,0,16253
0,4427,0,3459,7886
0,6621,0,3037,9658
1166,1629,5580,8349,16724
2507,0,6685,0,9192
1106,917,0,418,2441
5977,2390,0,0,8367
4883,2916,0,17942,25741
0,3604,5155,9434,18193
5543,4462,0,0,10005
0,5262,2256,0,7518
4983,4331,13178,0,22492
4349,0,7599,3923,15871
0,4416,0,6576,10992
0,6556,5386,4450,16392
7153,4671,3819,361,16004
0,4424,0,2055,6479
13559,7593,0,0,21152
6088,6602,1888,0,14578
4289,3732,6018,3470,17509
0,3217,7384,2249,12850
0,0,9283,205,9488
16451,12252,0,1303,30006
0,5237,0,0,5237
5269,7030,0,210,12509
3486,3560,2142,6167,15355
2269,7870,0,3746,13885
0,6076,12924,7822,26822
1941,2581,1719,8041,14282
2299,0,3156,3266,8721
4740,1311,5652,1067,12770
5108,2065,6167,6090,19430
0,4804,0,6475,11279
0,6044,4450,2376,12870
3003,226,6090,5882,15201
4228,206,2511,0,6945
1934,3888,7143,3420,16385
5844,5777,0,2719,14340
4871,367,0,0,5238
0,7907,5680,601,14188
3535,6901,8132,1540,20108
3713,4277,245,6383,14618
5092,13770,2723,6354,27939
0,0,5946,4649,10595
0,1671,0,1990,3661
0,2420,0,2754,5174
5122,0,2933,0,8055
0,0,5429,6355,11784
3133,0,7249,597,10979
4031,6582,0,0,10613
492,9956,0,0,10448
3332,0,2156,4565,10053
2038,508,1814,4002,8362
5669,0,1987,7644,15300
0,2023,4056,0,6079
9545,5447,6526,10850,32368
6198,6695,2856,5433,21182
0,10349,2521,0,12870
0,1289,12144,0,13433
1798,6814,3767,2227,14606
10000,0,5269,3851,19120
7172,1442,0,0,8614
3026,2626,3439,2618,11709
0,3303,2564,2360,8227
1583,0,0,4337,5920
2670,1689,0,4825,9184
5726,2728,5727,1512,15693
4826,0,5211,1134,11171
0,3794,706,8841,13341
5809,4181,0,0,9990
3270,7363,8083,1597,20313
5928,2796,4328,583,13635
2628,0,2087,2524,7239
8515,5120,1022,4343,19000
6656,5223,2817,6303,20999
0,4133,4937,1710,10780
1771,8757,0,665,11193
1722,2935,5059,2845,12561
0,10462,2601,0,13063
5040,2640,3113,0,10793
5337,369,3838,8027,17571
161,7495,0,0,7656
0,2422,5110,4239,11771
3360,627,0,4009,7996
283,2634,0,5562,8479
1161,2517,0,0,3678
0,924,3694,9948,14566
0,0,4170,0,4170
0,1548,4005,5293,10846
4826,2590,0,6559,13975
6058,0,4178,3928,14164
0,0,984,1556,2540
4953,1121,1233,3287,10594
6993,2585,857,0,10435
5180,0,687,9419,15286
6416,0,4265,3018,13699
0,1335,0,3293,4628
0,9715,6717,0,16432
1587,0,5821,0,7408
583,0,0,0,583
828,0,1098,2901,4827
1139,958,3367,6474,11938
8139,2208,3721,2829,16897
1431,3403,3015,2284,10133
4149,6276,3381,2538,16344
4865,6641,9055,0,20561
1626,2625,0,0,4251
4890,0,0,8021,12911
0,12075,356,2133,14564
1732,8571,3100,0,13403
6168,0,0,2568,8736
469,5551,3499,10647,20166
7740,2001,0,0,9741
8114,0,4416,0,12530
667,2340,4613,2760,10380
0,4750,4554,4475,13779
629,3091,5962,0,9682
4986,10020,2708,7533,25247
8209,2907,476,0,11592
5015,5350,3482,4383,18230
0,5106,2048,2816,9970
0,3791,8846,4479,17116
10462,0,12377,4994,27833
3311,6858,1335,0,11504
7493,109,4491,5617,17710
0,0,8955,6407,15362
2243,854,864,6234,10195
6450,4343,6413,2031,19237
0,4422,0,0,4422
4103,7464,0,1236,12803
0,4309,0,2169,6478
7234,2712,0,7230,17176
3699,5037,3726,0,12462
0,7841,6202,3825,17868
15748,579,5228,4980,26535
1679,8956,11993,0,22628
0,0,14950,3690,18640
3358,5949,515,0,9822
10001,7870,2053,5509,25433
4348,5105,0,0,9453
4941,4152,13544,0,22637
3119,6289,2369,0,11777
1107,0,5041,1000,7148
0,10818,0,0,10818
2482,0,3237,10503,16222
10951,0,9654,6345,26950
2803,6308,3200,3933,16244
884,0,12764,5637,19285
2973,9532,0,3515,16020
13636,0,0,6090,19726
0,1156,4511,0,5667
8618,4662,2454,0,15734
7564,11941,4713,2449,26667
11008,4363,3446,6476,25293
0,3455,4002,0,7457
12329,4445,3854,0,20628
801,0,0,7252,8053
0,2940,1348,4741,9029
3816,5087,4863,1398,15164
2088,1896,2277,437,6698
7628,4156,2225,6871,20880
5453,2056,8641,4413,20563
3276,0,1548,1762,6586
4658,8134,651,0,13443
0,1783,12105,3489,17377
855,7879,4309,0,13043
4948,0,0,3412,8360
2464,8783,3054,6458,20759
4632,4158,281,4460,13531
4563,0,4317,2744,11624
12831,4940,1098,0,18869
4463,0,2022,1910,8395
11050,0,1214,14687,26951
0,4356,5159,8560,18075
6982,769,3702,7005,18458
0,5247,3013,9716,17976
4287,0,0,1748,6035
1161,2688,6984,0,10833
7032,14418,9022,3446,33918
297,3300,10992,7585,22174
11323,1680,0,0,13003
4631,4130,8966,4234,21961
0,3607,978,0,4585
1068,7660,0,4723,13451
1686,3336,0,0,5022
0,0,0,8613,8613
0,0,2683,9816,12499
5253,6467,0,11609,23329
8094,3057,7969,0,19120
3140,8514,3486,0,15140
0,4463,1547,0,6010
0,5072,0,0,5072
7744,6886,0,7454,22084
8540,4522,0,0,13062
0,0,5626,7111,12737
2011,0,0,333,2344
6538,2042,5575,5436,19591
4573,0,2794,6112,13479
0,0,3973,0,3973
3011,0,1832,10035,14878
1949,13947,1326,4117,21339
6934,0,5092,4535,16561
4409,0,0,2922,7331
8302,0,3384,0,11686
1641,0,0,15056,16697
985,0,7676,2318,10979
1185,5039,0,3412,9636
6440,0,3969,0,10409
1811,798,4124,1070,7803
1154,0,0,4513,5667
3138,10518,2473,0,16129
0,5730,1665,0,7395
0,5592,3064,1684,10340
3267,3183,0,9568,16018
0,800,4135,6353,11288
7844,362,0,0,8206
3099,0,0,2445,5544
241,767,2177,4302,7487
0,829,1125,0,1954
4188,1143,0,3904,9235
525,9401,2416,5351,17693
6319,12195,883,4643,24040
3060,4532,13073,2882,23547
0,0,0,6270,6270
3502,2309,4423,10260,20494
5221,0,3334,0,8555
0,190,943,0,1133
3007,0,3582,5813,12402
2380,0,4078,4411,10869
2890,0,575,4677,8142
0,2403,5011,18016,25430
8006,9675,10893,5031,33605
0,0,3888,4799,8687
0,2044,0,1355,3399
2865,2361,0,17216,22442
1984,0,0,346,2330
4955,0,4795,0,9750
8624,7524,0,7737,23885
4490,5467,2487,4116,16560
0,879,1632,3426,5937
5964,6629,0,0,12593
0,4958,0,3375,8333
0,2821,4501,5755,13077
12613,0,11865,7347,31825
10324,597,2821,3038,16780
12486,5113,0,2363,19962
0,6500,4933,0,11433
4917,3397,0,2810,11124
4456,0,5953,3744,14153
4678,0,0,0,4678
5171,0,0,1466,6637
2421,1190,0,0,3611
0,1543,6489,5375,13407
4252,0,1891,0,6143
3083,0,0,4708,7791
0,6089,0,0,6089
3737,0,2615,2156,8508
9321,0,1034,5554,15909
0,6510,2570,0,9080
0,7622,6724,1193,15539
1985,8949,5912,1135,17981
4693,328,0,0,5021
3132,13284,6570,0,22986
3119,3164,9723,0,16006
4190,3682,5919,0,13791
0,0,0,12028,12028
7525,0,1664,3794,12983
7063,1271,4687,2478,15499
6551,571,7344,16740,31206
0,2793,4698,0,7491
15435,0,2413,0,17848
1018,0,6663,8887,16568
2451,4789,4155,0,11395
9207,7871,216,2628,19922
2708,16757,6832,4834,31131
3662,3440,4894,0,11996
2661,661,6072,0,9394
3198,808,0,8985,12991
3164,2530,7294,2019,15007
0,3176,8604,1738,13518
1882,0,4861,4879,11622
0,12095,6053,5326,23474
3225,0,3385,0,6610
3236,8148,3061,11739,26184
0,2227,4693,2239,9159
1618,1924,0,6591,10133
0,4934,16822,6055,27811
3897,0,3632,8193,15722
869,9137,671,0,10677
3368,1093,6883,4669,16013
4911,2252,1475,5001,13639
11077,2476,6701,3124,23378
0,0,5710,0,5710
8518,6010,2980,0,17508
6523,3169,6231,743,16666
1590,6105,1236,7903,16834
5009,10916,4223,8342,28490
2403,812,7254,5190,15659
3366,3509,8287,2081,17243
1914,1164,5062,0,8140
9290,7492,3749,5705,26236
229,1652,6107,0,7988
6057,4456,2527,5002,18042
7480,0,5836,2032,15348
9756,7425,6657,388,24226
9308,18420,0,11000,38728
0,4035,0,0,4035
0,8467,0,12708,21175
10708,0,4867,0,15575
1386,0,4814,0,6200
4041,1384,3605,0,9030
8426,10094,0,293,18813
2671,5043,4005,10089,21808
0,3393,3162,4612,11167
9064,3278,778,0,13120
2076,5616,0,7780,15472
5372,0,8455,2995,16822
506,4175,3323,877,8881
3398,1905,3697,3440,12440
7631,9710,5818,7317,30476
9954,8673,0,2389,21016
0,3197,0,6750,9947
0,7743,4213,3638,15594
2674,0,3282,5290,11246
0,0,4813,5289,10102
4457,8369,4103,2124,19053
1488,0,1683,0,3171
0,7664,12675,3703,24042
6889,2990,0,0,9879
0,0,0,1027,1027
8781,11745,0,7561,28087
4385,1772,0,0,6157
3752,0,6719,7162,17633
0,3666,1734,5529,10929
713,3170,4107,0,7990
3025,9442,1812,6802,21081
9713,3698,0,4309,17720
0,0,7108,0,7108
3651,0,0,4028,7679
2064,6712,5146,6896,20818
3030,618,2604,4052,10304
3384,10171,4332,3982,21869
11182,18406,0,15879,45467
0,1493,0,2897,4390
0,0,2012,0,2012
0,4480,8734,2623,15837
4354,2721,1612,9725,18412
5180,754,4433,5365,15732
7445,6367,0,9034,22846
3400,0,6733,0,10133
2071,0,9571,0,11642
3149,1509,0,10870,15528
4592,4793,1358,3168,13911
4153,0,7730,0,11883
5412,4105,5140,0,14657
8067,1900,5220,962,16149
0,596,1800,0,2396
3591,6686,2229,4811,17317
6945,7213,0,8978,23136
3461,4421,3384,8317,19583
0,1019,1714,4129,6862
3535,0,8683,4544,16762
2851,0,739,5887,9477
15922,1412,9407,3954,30695
0,0,4455,0,4455
0,8478,3113,0,11591
0,0,1147,913,2060
0,0,10461,2967,13428
0,6998,0,5354,12352
7318,4948,1235,0,13501
0,695,3576,0,4271
3258,0,4019,0,7277
0,2227,1950,2629,6806
3654,3671,8541,0,15866
0,5207,3728,11201,20136
15747,0,4879,6665,27291
4595,3373,4286,7699,19953
5891,0,2396,0,8287
2720,0,991,9980,13691
0,12750,7135,816,20701
3099,4021,5679,3446,16245
5680,4057,4171,0,13908
5022,8026,5638,0,18686
6707,2684,0,0,9391
6864,5789,4355,0,17008
12173,2181,3184,0,17538
0,0,3771,8391,12162
8196,6454,2935,0,17585
3777,2373,5988,1237,13375
8374,0,2399,0,10773
3107,6579,4823,11848,26357
8766,0,6023,0,14789
4704,601,5581,6602,17488
5925,5186,6325,1309,18745
0,4979,0,20365,25344
5072,0,5240,3743,14055
732,5281,4649,0,10662
1069,1785,0,0,2854
1504,5024,0,0,6528
8743,9496,0,9920,28159
10276,1736,5284,0,17296
0,4334,2838,3537,10709
3637,10841,4001,8823,27302
2621,6781,6085,3503,18990
5886,7810,2187,1175,17058
0,3377,2734,9315,15426
4065,0,8615,7082,19762
0,0,908,8417,9325
0,410,8837,7200,16447
5194,2276,12260,3940,23670
2663,7313,5453,3063,18492
13902,9420,3068,2072,28462
7313,0,3721,3578,14612
6640,3321,2490,0,12451
0,0,158,0,158
5684,0,9017,0,14701
0,4048,0,0,4048
6964,5186,3115,1636,16901
0,3725,6283,1398,11406
2424,2969,6805,6451,18649
0,2908,1849,0,4757
0,3150,736,3963,7849
0,13100,1009,9327,23436
0,1279,2949,6841,11069
3819,5145,0,1467,10431
0,4187,1390,0,5577
4571,11791,6355,5128,27845
0,9279,7690,0,16969
5551,7777,5739,0,19067
1891,0,3416,0,5307
8836,0,9287,1265,19388
0,0,5279,3373,8652
1767,12566,5170,8297,27800
1381,3700,1125,2092,8298
4249,1926,11630,0,17805
0,4800,2633,1653,9086
0,2256,1671,0,3927
2897,2136,5017,0,10050
0,14172,3653,0,17825
609,0,0,3812,4421
3218,0,7910,1405,12533
2844,1722,3564,9096,17226
4893,2546,2242,0,9681
4485,1571,1245,5722,13023
0,2912,4342,5680,12934
0,4227,3604,0,7831
4285,0,4357,5093,13735
11652,1974,5024,0,18650
2157,0,5107,11350,18614
2575,4936,0,2769,10280
2656,3043,8636,2783,17118
4693,5413,5732,11147,26985
5218,12739,0,2604,20561
2105,0,0,0,2105
1174,3017,7013,0,11204
4996,0,2567,0,7563
374,0,11855,1277,13506
5102,0,7330,1936,14368
1522,7299,0,3815,12636
1234,0,4846,0,6080
768,0,2820,2771,6359
2772,2135,0,2449,7356
2488,740,0,4108,7336
0,1885,0,1336,3221
0,9976,2806,6514,19296
679,6688,6831,0,14198
4176,0,1192,1294,6662
959,2339,676,10553,14527
0,0,5070,3273,8343
1768,0,9115,0,10883
0,8645,4145,4358,17148
0,4575,0,1279,5854
12757,2937,0,13023,28717
0,4988,6427,5071,16486
7021,12557,0,0,19578
0,4297,2059,3894,10250
836,5711,0,4891,11438
2217,4728,2914,4272,14131
0,3794,0,414,4208
0,1036,3810,4057,8903
2261,6698,0,0,8959
2359,0,0,864,3223
4756,14853,0,3537,23146
0,0,7215,2477,9692
2197,9224,5706,6106,23233
2393,2723,3862,964,9942
0,2089,2891,0,4980
0,3439,4270,0,7709
4448,2752,567,0,7767
3766,0,4770,6083,14619
0,10128,5644,524,16296
9955,2060,0,4192,16207
5700,1613,0,5168,12481
0,8455,0,3218,11673
4961,6199,2926,5011,19097
0,480,3078,0,3558
7081,7120,6920,11641,32762
0,0,6743,0,6743
0,4847,5328,0,10175
5199,9794,969,12008,27970
2299,0,11769,0,14068
4050,8609,357,7932,20948
5762,6979,5606,0,18347
4515,0,4211,2561,11287
1652,3086,8043,0,12781
0,4197,3181,0,7378
0,4731,7448,15729,27908
887,0,0,5020,5907
3899,5622,0,2508,12029
0,734,511,0,1245
2523,0,595,0,3118
2100,8231,0,3983,14314
5377,5921,3567,5008,19873
2063,0,0,0,2063
9038,2430,6398,0,17866
4224,7111,3666,733,15734
5047,0,2743,1717,9507
7647,3234,2966,0,13847
421,6371,3687,0,10479
2718,4845,0,0,7563
3289,4374,4500,5796,17959
8280,591,9277,1557,19705
573,11329,5022,1772,18696
3230,0,1605,4716,9551
6851,7622,6171,4894,25538
5053,0,0,4892,9945
0,0,247,4568,4815
8002,0,8429,2730,19161
1533,0,3978,3380,8891
0,9636,5598,10011,25245
0,7727,1836,494,10057
3516,2318,0,9178,15012
0,5094,7518,0,12612
3945,4605,0,5053,13603
3018,1673,5733,0,10424
1686,4484,4299,3828,14297
3579,0,0,6604,10183
0,0,0,5277,5277
0,1072,2815,4505,8392
6590,0,10289,12315,29194
1128,3806,0,0,4934
0,6601,1846,6113,14560
1105,0,584,5342,7031
10297,9484,0,0,19781
0,0,0,1397,1397
3959,0,10366,4336,18661
994,3975,0,0,4969
372,4486,3691,0,8549
5165,14335,3233,0,22733
0,944,2529,0,3473
6251,9419,9679,3925,29274
4914,3805,5114,9408,23241
3994,4400,5082,4308,17784
2354,0,1893,4727,8974
9427,4223,10732,4628,29010
2090,7274,1288,4326,14978
3915,3812,1035,0,8762
0,7299,3210,0,10509
0,1257,4969,10647,16873
10212,0,0,2854,13066
4238,4850,1518,0,10606
0,9218,9599,1184,20001
0,2691,207,10689,13587
3923,366,0,4836,9125
4505,4353,4423,3521,16802
2374,11714,1985,5144,21217
0,5391,2719,9819,17929
4751,8122,3753,6476,23102
0,10828,0,12094,22922
0,499,1353,4301,6153
0,16594,5370,0,21964
2523,2851,0,9643,15017
0,4893,3127,3838,11858
3285,2213,14939,1663,22100
0,0,0,8649,8649
4722,364,4868,0,9954
11839,4027,1119,5655,22640
1938,9254,638,5516,17346
5836,0,4746,1354,11936
3874,2663,1176,0,7713
0,5167,0,5633,10800
0,2142,0,577,2719
344,6360,886,1838,9428
4174,0,0,2916,7090
0,2740,0,4921,7661
0,13507,0,0,13507
2566,0,950,0,3516
587,3168,0,0,3755
322,0,1536,985,2843
3108,0,5223,4322,12653
1656,7886,0,0,9542
2976,5250,0,0,8226
0,4255,0,13009,17264
7901,0,8565,5200,21666
0,1963,3766,5737,11466
5085,0,1542,0,6627
5529,6444,0,1998,13971
6162,0,7364,4749,18275
11958,4548,2911,0,19417
5045,7045,4215,0,16305
7741,3913,9618,4041,25313
0,0,3794,4102,7896
6920,4783,3862,2318,17883
3334,1367,0,6617,11318
5552,7783,0,0,13335
5737,6810,8359,2375,23281
0,0,9178,0,9178
4155,0,4888,3233,12276
0,6385,1374,1060,8819
1422,1987,0,4454,7863
0,3780,6457,4367,14604
655,4953,0,0,5608
3637,15419,0,2423,21479
0,2349,9090,0,11439
3745,2624,0,2961,9330
0,3070,6875,4050,13995
3984,4388,4782,3227,16381
629,2672,0,8292,11593
0,615,0,4899,5514
506,4184,4337,1106,10133
4122,0,2854,2412,9388
4346,5655,0,4253,14254
0,0,5680,2287,7967
664,4322,2753,4979,12718
0,0,6933,1968,8901
0,0,3713,4728,8441
6008,0,3526,7789,17323
6820,3161,0,1267,11248
3929,3736,5616,2132,15413
5208,0,0,3854,9062
1049,1769,0,0,2818
168,6660,5674,5900,18402
1526,6578,5187,1115,14406
4264,2740,6922,0,13926
0,4534,3713,2734,10981
7606,8396,524,0,16526
2516,4959,2850,3326,13651
4052,2264,6998,0,13314
10508,370,9056,2340,22274
2382,0,0,0,2382
2593,4827,0,6884,14304
5022,2732,2613,6993,17360
12441,5731,5714,5286,29172
0,6056,1831,8359,16246
0,0,5057,3841,8898
0,3945,3433,0,7378
7699,4033,12730,3563,28025
10962,5997,7305,2788,27052
5859,0,3885,3019,12763
1874,10673,1329,0,13876
3502,0,0,9258,12760
1113,4867,0,3492,9472
607,6362,6093,9841,22903
2813,4482,1978,715,9988
261,0,5615,8101,13977
1572,5699,0,8545,15816
0,0,3887,2951,6838
8819,3672,1382,4302,18175
0,2637,1755,3794,8186
274,0,5159,6924,12357
6005,2628,5663,4877,19173
457,3989,5821,4466,14733
1941,4197,7050,2358,15546
343,4200,5304,0,9847
1219,3123,2980,1776,9098
5090,0,0,2450,7540
0,1104,10592,0,11696
0,0,11659,0,11659
2697,0,2056,2864,7617
5231,3894,2853,0,11978
625,1219,298,7788,9930
6963,9837,4771,2644,24215
7744,1463,0,7290,16497
6710,6835,4978,4555,23078
0,7383,3396,2334,13113
8398,0,4915,0,13313
10202,7200,10942,999,29343
520,0,3961,0,4481
2813,0,8804,0,11617
9063,2478,1191,6345,19077
0,0,0,6261,6261
5044,9634,6906,4946,26530
1595,2744,3275,1493,9107
1913,5617,1063,1705,10298
8274,0,3656,1964,13894
0,3965,3884,0,7849
7144,4060,9572,5483,26259
5284,2896,2525,10027,20732
2923,0,0,3567,6490
2533,2609,8427,6630,20199
3830,0,3485,2968,10283
18510,3756,0,11811,34077
1700,0,0,0,1700
3274,4441,4745,10896,23356
4971,0,1859,0,6830
1546,4338,0,0,5884
0,3120,5726,1859,10705
3686,253,4979,6636,15554
4737,0,10334,0,15071
10681,0,0,0,10681
0,4970,6610,309,11889
10499,4488,10058,4205,29250
4171,3069,4188,5166,16594
2977,0,380,2448,5805
6772,0,2145,4698,13615
0,5104,0,14919,20023
0,7555,2693,1130,11378
597,4951,7641,1750,14939
0,1902,2657,2403,6962
4045,3746,7318,0,15109
2758,6715,0,5411,14884
0,3439,0,1096,4535
0,4550,6377,0,10927
4784,4233,6355,0,15372
6657,0,4339,4086,15082
3809,0,4425,9616,17850
4875,0,6373,3979,15227
7503,1121,3612,1223,13459
0,1910,2589,0,4499
4764,11249,8604,0,24617
13700,2350,7645,0,23695
4828,3835,0,3314,11977
9154,5224,3188,5249,22815
2000,4421,0,0,6421
1219,6086,2352,2094,11751
8441,861,3171,5090,17563
7219,2853,9019,396,19487
8112,1209,12774,879,22974
5896,2033,3668,0,11597
942,3048,4079,0,8069
0,5897,0,939,6836
8479,3660,1124,1391,14654
0,1039,1855,4103,6997
3727,0,0,8100,11827
0,2126,3322,3376,8824
0,2213,4858,1419,8490
689,8755,2095,0,11539
4060,0,3161,10146,17367
0,0,5127,2417,7544
8508,0,229,2064,10801
10824,4822,5531,3615,24792
1202,2861,6065,0,10128
2055,4788,1715,3770,12328
6140,10001,3855,0,19996
364,0,2865,10820,14049
1788,12096,4393,0,18277
0,5374,2065,0,7439
4443,0,4681,0,9124
0,4918,0,12987,17905
5073,0,9137,510,14720
2617,3759,10288,8301,24965
6518,1935,9230,4448,22131
4208,4758,0,2440,11406
0,3290,0,3997,7287
0,6735,4802,0,11537
0,4045,1950,3656,9651
6525,4507,1022,3555,15609
0,0,4098,3942,8040
1831,3977,6531,4711,17050
6261,3597,2255,476,12589
5710,5906,9553,0,21169
3038,6493,0,8279,17810
3743,2536,0,3559,9838
2028,0,7102,2736,11866
0,0,2329,3570,5899
8195,6773,4865,0,19833
0,5060,1087,13629,19776
0,8273,2525,5782,16580
0,773,12359,5105,18237
0,0,0,2939,2939
3492,0,5662,6734,15888
9519,0,0,9496,19015
3222,0,4079,1591,8892
0,0,0,3943,3943
1349,2843,3775,4289,12256
7037,0,6298,4751,18086
0,2267,4114,0,6381
10378,3331,0,228,13937
13417,552,968,4474,19411
5307,0,8304,3985,17596
825,4759,0,4178,9762
8355,5229,5227,9827,28638
5208,2700,0,2142,10050
9417,0,6322,0,15739
3441,858,5910,3452,13661
0,7557,7157,1226,15940
2324,3293,0,0,5617
0,4663,4384,0,9047
3134,0,1725,11050,15909
1266,5649,0,14538,21453
0,4704,0,19563,24267
4071,2735,269,1761,8836
5143,2113,0,481,7737
5109,4664,2935,2367,15075
13394,1299,3806,0,18499
0,1523,6717,9263,17503
10193,4876,0,0,15069
0,10552,0,0,10552
5220,0,5656,16007,26883
0,7583,7217,3734,18534
0,4360,16239,1240,21839
2384,829,0,4105,7318
1615,3343,7247,1217,13422
8627,0,4018,3987,16632
0,4938,0,10348,15286
13531,8453,5891,15298,43173
8133,2225,0,2188,12546
0,4970,10896,0,15866
4237,8096,5157,4041,21531
2955,2787,4089,0,9831
2326,0,8441,0,10767
0,9271,164,9800,19235
5362,0,2202,0,7564
4144,0,0,6232,10376
0,9730,0,1911,11641
4680,4858,4982,4765,19285
0,409,9077,3009,12495
1506,0,10066,4532,16104
1889,0,4567,9644,16100
1856,6332,3997,5281,17466
3825,0,0,5416,9241
0,8303,3535,5144,16982
0,3145,0,0,3145
7779,4548,4721,0,17048
3649,9752,5700,2925,22026
0,880,6823,0,7703
7056,1362,0,1891,10309
6315,1348,2260,0,9923
4531,8626,10602,0,23759
4489,5343,4594,0,14426
4173,7756,0,0,11929
0,1944,0,10821,12765
0,0,7610,8707,16317
4937,7059,0,5577,17573
8100,6041,0,2120,16261
1779,2383,11780,0,15942
2661,8868,0,2069,13598
10488,5207,1369,681,17745
8216,3366,179,2359,14120
8073,3294,7921,0,19288
4542,0,10446,5839,20827
11060,5175,2857,0,19092
3357,2844,10594,0,16795
1921,12750,7586,2719,24976
8297,2086,12282,4035,26700
1299,0,2537,0,3836
0,0,7585,0,7585
0,4364,12528,4752,21644
4133,0,4068,5961,14162
804,0,2908,0,3712
6321,4486,3840,14645,29292
6627,0,0,3380,10007
0,4397,9697,0,14094
705,1554,939,0,3198
0,0,9856,564,10420
0,5919,0,8182,14101
0,4081,15319,4863,24263
2091,3935,5413,2645,14084
4717,1959,3872,7359,17907
3540,6763,3200,0,13503
8052,9077,582,0,17711
3798,0,7401,5177,16376
0,4035,1357,2990,8382
6842,10669,0,920,18431
5026,0,921,2903,8850
6075,3375,4685,2378,16513
6126,3733,8455,0,18314
1095,923,2633,5768,10419
5224,12866,7512,0,25602
10821,3325,0,0,14146
8141,0,3569,1762,13472
15760,2929,3813,6467,28969
0,1761,7702,11571,21034
2627,0,9137,3445,15209
7322,293,5262,0,12877
5791,3254,0,0,9045
14605,0,0,0,14605
3818,1195,3425,0,8438
3410,8485,4747,0,16642
8674,9726,5422,13909,37731
7333,4415,0,6681,18429
6682,7755,8164,0,22601
0,3228,3730,0,6958
2585,9569,2819,4750,19723
5855,5249,10084,9543,30731
2204,4090,0,2746,9040
4558,3325,10315,1044,19242
2621,0,0,0,2621
4515,3771,0,1939,10225
0,8174,0,3509,11683
0,3831,0,0,3831
0,0,5701,1571,7272
11970,1796,1413,0,15179
4968,5178,14905,0,25051
8151,5258,2347,544,16300
0,2061,0,10103,12164
5621,1378,0,423,7422
2474,0,3437,0,5911
0,3318,2941,8998,15257
7197,0,252,0,7449
0,0,319,0,319
510,1924,4023,5945,12402
6733,0,6523,8447,21703
6291,0,8974,6644,21909
1819,11739,0,2865,16423
0,0,14820,2229,17049
0,7169,3389,3192,13750
660,6934,5125,4283,17002
4582,0,0,0,4582
8308,0,7433,2758,18499
530,4180,3611,2997,11318
0,7310,3964,1825,13099
6683,2863,5495,4489,19530
3999,1673,2549,0,8221
4933,0,9223,8389,22545
6416,4408,4522,750,16096
0,0,13962,7805,21767
0,8811,5774,6537,21122
0,0,4676,3573,8249
2766,1622,747,5246,10381
5251,0,0,6001,11252
473,1904,3473,0,5850
0,2895,1705,0,4600
0,0,4143,0,4143
2969,0,2624,9264,14857
0,305,6848,0,7153
0,9008,4604,3508,17120
8653,0,10579,5204,24436
5675,6224,0,7941,19840
0,0,3131,0,3131
0,6720,0,5119,11839
9836,0,4482,5440,19758
0,0,9169,4218,13387
722,5924,221,5779,12646
3307,0,0,0,3307
1418,3572,0,6546,11536
0,0,0,3407,3407
2787,0,0,0,2787
0,4212,0,8455,12667
0,3317,0,0,3317
3604,4344,5107,3364,16419
0,4132,4416,3267,11815
0,4669,7260,7831,19760
0,1845,2060,3754,7659
0,0,6982,2493,9475
8666,8743,7090,5277,29776
12692,0,4628,3385,20705
5117,0,1904,0,7021
0,0,6349,11006,17355
2253,0,2549,7257,12059
3853,555,8492,0,12900
1058,0,3006,0,4064
9758,5889,4954,5505,26106
0,1697,0,0,1697
0,1898,873,11689,14460
8188,4943,1958,0,15089
2365,2747,5269,3974,14355
2437,0,559,683,3679
11374,4189,2179,1048,18790
0,9201,4168,10822,24191
0,1381,3022,1958,6361
0,4827,9950,2524,17301
3826,1140,6495,3645,15106
5035,889,3586,10559,20069
6257,2145,9553,2790,20745
7817,1821,3361,3696,16695
1615,0,2445,0,4060
2154,1390,0,1770,5314
0,0,1160,559,1719
0,9564,5467,0,15031
7271,12939,3196,6347,29753
13530,7363,13481,3620,37994
0,4356,11862,2979,19197
4789,4243,2132,6829,17993
0,6400,1573,3954,11927
12443,4032,2052,7620,26147
0,2896,9247,5258,17401
9218,4972,3540,884,18614
12759,2721,3722,7442,26644
2942,0,0,3410,6352
0,455,4690,0,5145
5259,7556,479,6092,19386
10153,1697,1085,0,12935
0,0,0,298,298
7280,0,0,3231,10511
6513,0,8077,0,14590
3253,0,8352,4917,16522
5314,381,0,1874,7569
0,9956,2233,5502,17691
7751,0,4930,4495,17176
0,4652,0,3400,8052
11522,2715,314,0,14551
12658,0,3226,929,16813
3468,3728,5379,4479,17054
6967,0,9328,0,16295
0,5927,3881,2157,11965
2644,4016,0,1565,8225
3942,2846,6559,2056,15403
2897,1463,5180,1945,11485
5351,9995,2139,2460,19945
0,5746,3624,5483,14853
4224,6216,6210,2872,19522
2765,11621,704,3094,18184
5440,5329,7837,5775,24381
0,2932,0,680,3612
6447,22845,9546,4670,43508
3649,7489,7227,4479,22844
0,1476,2963,5779,10218
1431,0,0,3199,4630
9764,4203,0,0,13967
5516,11143,5226,13194,35079
0,1814,881,2542,5237
615,7182,6215,3807,17819
0,8059,0,1687,9746
11564,0,4566,0,16130
5785,4938,2905,6047,19675
8928,2748,2141,4308,18125
0,2750,3185,9517,15452
4937,0,2385,3120,10442
430,1532,5340,9269,16571
10811,5971,342,12143,29267
0,2134,4256,1555,7945
757,9364,3247,13659,27027
7651,0,4174,1088,12913
5345,0,3766,1564,10675
0,3776,4390,4806,12972
0,5857,3115,9053,18025
925,0,7637,0,8562
6130,544,3263,3929,13866
1372,0,8181,0,9553
14937,841,0,0,15778
0,4834,0,7098,11932
9156,0,1101,8202,18459
9390,10291,5175,0,24856
9305,0,0,1894,11199
4006,0,0,0,4006
9373,2426,6724,0,18523
606,975,5325,1243,8149
1444,6975,3962,0,12381
5155,4634,3180,1743,14712
5548,2223,2633,0,10404
4823,349,0,6397,11569
8275,6640,4759,12810,32484
6424,2032,1613,0,10069
9356,4086,0,2575,16017
7321,2683,7985,716,18705
0,0,3120,0,3120
2320,5424,0,0,7744
3056,2677,0,298,6031
0,0,188,6279,6467
0,4992,0,0,4992
9658,3288,0,0,12946
2324,0,0,0,2324
3942,0,5634,9333,18909
0,3624,0,0,3624
3532,0,3290,4449,11271
9234,1202,0,0,10436
4740,3478,4508,1283,14009
0,16265,0,2346,18611
1565,3293,0,5520,10378
5299,3484,959,10454,20196
2544,0,5303,0,7847
0,5995,9984,0,15979
0,2144,0,0,2144
3359,12746,0,0,16105
1000,2748,7462,2229,13439
5690,0,4741,4075,14506
5387,3156,4369,4937,17849
1983,8750,8787,1589,21109
0,6238,3840,0,10078
5000,4685,4840,6232,20757
0,4886,4014,2902,11802
0,0,0,16671,16671
1620,0,2930,4525,9075
11362,762,0,0,12124
0,0,1426,0,1426
3942,0,3555,0,7497
0,4241,0,0,4241
7262,2697,4722,881,15562
9608,1676,0,0,11284
0,0,2354,0,2354
6295,0,3633,8563,18491
7165,1856,8189,0,17210
3144,1765,4348,2975,12232
0,1892,0,9268,11160
0,3758,0,5091,8849
2245,3724,674,1105,7748
561,7525,3871,0,11957
2330,0,3803,0,6133
0,3058,0,11820,14878
2089,2584,5208,0,9881
0,2667,0,8064,10731
10592,1120,2658,0,14370
0,2745,0,3631,6376
0,948,3625,7104,11677
6050,6195,2320,7117,21682
2099,439,0,6286,8824
753,10443,0,8686,19882
2128,2322,0,6722,11172
12001,4352,8108,4088,28549
17168,7193,2884,8210,35455
6130,11066,2815,3502,23513
1926,2429,0,10648,15003
8667,7688,0,4676,21031
0,0,4435,4008,8443
2750,5753,1796,6551,16850
5381,969,1469,4713,12532
6097,0,3750,9407,19254
6683,918,6883,427,14911
5717,1717,7009,0,14443
4811,2379,5191,0,12381
0,2673,12289,0,14962
4054,8722,3345,5157,21278
1881,0,1021,7113,10015
4347,713,3617,7933,16610
1708,2710,1087,0,5505
7516,5111,2630,0,15257
0,0,0,13836,13836
0,2407,5133,0,7540
4535,8933,702,4944,19114
5092,4259,0,0,9351
9324,892,3801,0,14017
336,0,0,2987,3323
0,3795,0,0,3795
836,0,346,12112,13294
772,6399,0,672,7843
0,2406,0,0,2406
2902,0,0,11512,14414
11800,1897,8423,7963,30083
6494,3437,6343,4208,20482
5877,8089,6984,686,21636
11206,7264,3867,2599,24936
2377,0,9510,1910,13797
2088,2661,3373,5220,13342
5919,929,1327,0,8175
0,2262,2533,3322,8117
1521,0,5896,0,7417
1192,0,5068,10494,16754
0,7354,7285,6779,21418
562,5630,2504,0,8696
2835,5007,0,3660,11502
0,6551,2721,4283,13555
0,3483,2219,4075,9777
1432,0,0,0,1432
1501,4580,9455,0,15536
3682,0,1165,6795,11642
4524,10924,0,0,15448
3947,2228,0,0,6175
2570,3881,595,0,7046
1411,5713,0,4291,11415
2790,4795,4920,11195,23700
6865,0,3887,5057,15809
371,6171,5104,2994,14640
862,4178,0,4849,9889
1580,2403,0,4525,8508
1793,3939,8307,4505,18544
10921,3153,6869,5306,26249
3927,4704,2091,8108,18830
577,4270,0,5536,10383
0,4354,4784,10373,19511
1033,3452,7415,1393,13293
4152,6768,0,4011,14931
4761,7681,3843,0,16285
5937,5528,5928,0,17393
5278,2273,7121,6090,20762
14072,6277,552,3518,24419
0,2198,7202,4907,14307
7844,0,2247,606,10697
1564,6527,5608,8019,21718
1018,2710,4500,4469,12697
0,2520,0,7603,10123
0,4927,4997,0,9924
4557,0,4459,9617,18633
7268,0,0,4129,11397
0,8226,273,1253,9752
987,1220,0,4620,6827
6332,8881,0,0,15213
7332,4086,3514,1410,16342
0,4238,3096,0,7334
0,6692,9102,792,16586
4906,3168,0,1537,9611
0,0,8887,0,8887
4045,1279,0,0,5324
0,6356,0,7938,14294
11706,6137,1523,0,19366
5305,0,8421,3781,17507
862,6487,0,0,7349
6002,0,749,12130,18881
4554,5449,0,929,10932
0,4457,2316,0,6773
4146,795,647,3816,9404
0,0,15592,0,15592
0,3770,0,0,3770
0,7631,3916,6094,17641
8998,9171,5048,4406,27623
6714,1447,0,1155,9316
7473,1837,0,0,9310
9230,5887,5216,0,20333
472,2365,0,0,2837
0,4790,1124,0,5914
6543,787,3238,1118,11686
3489,0,0,3789,7278
397,3427,3405,10411,17640
2700,1854,4668,10120,19342
5998,0,0,0,5998
5970,4517,6127,2869,19483
7808,0,0,1049,8857
4399,4769,6193,6890,22251
0,163,0,7523,7686
0,5216,4180,7994,17390
3893,1121,6060,2384,13458
0,0,5648,0,5648
9781,4658,5161,2983,22583
9285,7612,6272,0,23169
0,3956,0,6579,10535
4240,0,0,1050,5290
456,1801,9408,0,11665
2342,1878,2322,5425,11967
9537,0,0,3195,12732
0,0,7161,4581,11742
0,1127,2827,4035,7989
4478,18446,0,6402,29326
3464,5848,3758,7486,20556
2418,757,2958,2788,8921
6173,17118,1631,4293,29215
0,4236,0,0,4236
0,3373,2882,1349,7604
5358,2460,4440,2665,14923
0,566,1515,0,2081
2584,1829,0,0,4413
6813,2122,6767,3604,19306
1856,3775,0,4156,9787
0,0,1293,0,1293
1713,5723,3411,0,10847
362,4918,1126,3864,10270
3987,0,3727,6223,13937
3847,717,8333,2059,14956
7484,4451,0,0,11935
0,0,0,3473,3473
885,1774,4306,2398,9363
0,10795,0,3721,14516
0,2262,0,4284,6546
5269,4861,2782,2899,15811
988,5448,2314,7210,15960
0,3807,0,10783,14590
3015,0,2345,0,5360
0,14777,1791,5589,22157
4938,5914,816,0,11668
2259,0,3436,2354,8049
2746,3648,7674,6124,20192
8265,5573,2868,852,17558
7801,449,1469,3663,13382
0,0,6779,12721,19500
0,3461,0,13963,17424
6418,0,1918,0,8336
0,0,0,4854,4854
3443,2510,0,0,5953
750,9308,0,14675,24733
4360,13545,0,2434,20339
698,4777,8284,3733,17492
566,8176,4588,6611,19941
610,6943,0,0,7553
972,0,6583,0,7555
0,7065,4030,0,11095
3319,4071,7591,5945,20926
9437,3229,6754,2452,21872
1921,0,0,0,1921
6955,0,1005,1789,9749
0,0,3766,0,3766
0,3207,3539,0,6746
3134,1920,4186,0,9240
0,907,10350,471,11728
2067,8729,2954,6787,20537
0,2796,7547,5788,16131
0,5141,0,6653,11794
1036,0,10470,4439,15945
960,770,4471,0,6201
0,871,4104,0,4975
395,7276,0,0,7671
982,5893,0,3953,10828
7354,0,0,6167,13521
0,4523,4763,0,9286
3857,2854,0,1822,8533
5942,7762,4673,2716,21093
0,0,398,8892,9290
2597,2108,0,0,4705
0,0,2553,1352,3905
6593,8573,5106,929,21201
8638,2603,4521,3991,19753
14228,6826,3817,4677,29548
12283,0,0,695,12978
3420,1584,3584,0,8588
6529,3739,6592,6204,23064
2519,0,0,0,2519
0,9627,2038,2277,13942
2062,0,2092,0,4154
6151,5008,398,5025,16582
0,4453,390,218,5061
981,3411,0,321,4713
3572,6157,4695,826,15250
4681,5420,6282,0,16383
2107,858,0,5905,8870
3953,402,9722,7455,21532
433,2437,1354,3007,7231
3231,4797,6293,0,14321
4989,4147,374,0,9510
8962,0,3799,2286,15047
5224,0,4679,2480,12383
12569,0,5442,4036,22047
3360,7466,8088,10129,29043
0,0,0,5385,5385
0,0,0,4436,4436
303,2648,0,1175,4126
0,3566,2386,2074,8026
0,5252,6719,5166,17137
3876,0,0,373,4249
0,1431,2544,3376,7351
0,0,0,12268,12268
1278,0,8888,5302,15468
0,12988,0,5306,18294
0,650,4321,5824,10795
1310,12906,0,0,14216
7299,4479,3700,509,15987
1860,8868,0,5110,15838
2949,5955,0,5604,14508
4425,916,3175,2653,11169
0,9344,12860,2517,24721
8231,10099,0,6453,24783
4648,2094,11609,0,18351
4584,1297,4185,3144,13210
5712,4465,2673,2839,15689
5979,4333,3202,0,13514
4638,2143,2219,0,9000
6202,0,3978,7971,18151
4370,0,7619,6464,18453
3432,1914,0,0,5346
0,0,710,10211,10921
919,0,0,9651,10570
0,2217,4521,5261,11999
0,9029,1354,4497,14880
0,0,4693,2982,7675
4319,4592,1077,3028,13016
8418,0,5107,8597,22122
0,0,0,4603,4603
4691,0,0,5549,10240
3526,761,5160,1006,10453
3894,2024,1590,6905,14413
5017,0,0,5163,10180
7941,949,345,0,9235
5709,3938,0,0,9647
3101,2639,608,0,6348
0,0,0,3206,3206
739,0,0,0,739
1704,0,1331,0,3035
4706,12903,2682,2481,22772
0,5073,694,0,5767
0,2854,0,5361,8215
5609,7760,3280,0,16649
4295,7759,1897,0,13951
0,7456,374,4274,12104
4251,2763,0,4853,11867
3509,2375,1748,1370,9002
0,6394,0,2653,9047
0,826,845,7694,9365
6006,5668,1867,3841,17382
921,6146,5376,4587,17030
2718,6613,0,0,9331
0,3303,0,2143,5446
5563,0,3274,1464,10301
858,3860,2073,710,7501
4646,0,8694,0,13340
2212,0,3879,2779,8870
0,7602,5028,3143,15773
776,0,8154,6551,15481
1922,19101,3721,0,24744
0,1086,6837,8308,16231
5612,3230,7140,6982,22964
3433,1278,0,7525,12236
1381,4056,0,2859,8296
0,0,0,13752,13752
0,2475,0,5323,7798
1421,3671,22483,5928,33503
1145,3277,2546,0,6968
5371,5504,0,8191,19066
430,645,11035,2359,14469
7672,3673,983,5565,17893
398,0,9185,0,9583
11395,1053,2657,6934,22039
9114,6330,0,4462,19906
0,2378,683,3439,6500
1465,0,3860,2462,7787
6651,2478,5207,10060,24396
0,0,3979,3138,7117
0,0,2712,5965,8677
0,3850,1232,0,5082
5758,0,4293,2364,12415
1602,0,0,8062,9664
937,4402,2111,5226,12676
4305,0,1120,6287,11712
8705,1934,481,15209,26329
7781,0,12539,1961,22281
0,691,691,0,1382
5460,3673,1718,3819,14670
14952,7215,5528,0,27695
1983,4601,4948,0,11532
3487,9193,5415,2088,20183
6366,0,2772,0,9138
1856,0,2190,4300,8346
3302,0,1513,8418,13233
538,3193,5054,5852,14637
2419,5321,3232,0,10972
464,0,2816,3031,6311
0,0,0,11387,11387
6383,3037,0,4355,13775
4570,3180,4373,10341,22464
0,8100,4003,4740,16843
2426,0,0,4751,7177
0,0,2576,9539,12115
2185,0,4284,2110,8579
3747,5696,3583,7269,20295
2363,0,13927,1794,18084
8121,11475,206,2265,22067
8261,4975,0,0,13236
0,9702,10309,0,20011
4689,10962,0,5581,21232
3222,3745,2005,0,8972
2193,9373,7948,2241,21755
1355,7441,1937,2067,12800
0,6288,7763,11938,25989
0,2208,2131,2016,6355
5503,0,3152,4129,12784
0,5249,0,7506,12755
6367,9080,4687,1487,21621
341,7017,4206,3160,14724
4405,0,0,0,4405
2676,4612,1892,10529,19709
8559,0,7206,4060,19825
7967,0,305,4706,12978
4849,5083,3682,5182,18796
0,0,6019,4940,10959
0,3689,4413,10007,18109
0,3767,9106,6615,19488
836,2486,0,3531,6853
4878,12565,0,938,18381
2974,11624,2234,4886,21718
9546,0,3053,3605,16204
4801,12955,0,0,17756
8540,2369,4188,1368,16465
0,363,4715,0,5078
8517,8400,0,3531,20448
0,7501,7238,4560,19299
5430,3086,7383,6563,22462
0,1595,142,4674,6411
8526,1447,0,0,9973
1257,5865,5272,9964,22358
0,3221,1583,0,4804
0,453,6086,1002,7541
3906,0,10682,6243,20831
4984,5124,0,3512,13620
0,11751,2663,1172,15586
5769,6618,3358,434,16179
0,7072,0,4991,12063
0,4653,5039,8283,17975
3816,0,0,3000,6816
13357,2076,0,995,16428
4999,8377,4155,4431,21962
0,6327,3193,0,9520
0,7523,0,9486,17009
5336,10479,3477,4901,24193
2605,0,4531,0,7136
8607,5083,3376,4990,22056
8172,14527,8450,0,31149
2995,4301,3464,3681,14441
2896,0,603,9778,13277
0,7846,2278,0,10124
4154,7241,0,6624,18019
1490,0,4886,1278,7654
2484,0,4323,9009,15816
0,5004,0,4676,9680
13023,0,5686,3905,22614
3764,4897,0,3734,12395
0,0,3307,3767,7074
3667,8488,4553,0,16708
0,1529,1943,3472,6944
2461,940,6096,0,9497
7184,12768,4786,0,24738
13299,2400,463,3043,19205
2098,633,1585,6317,10633
3070,0,0,709,3779
0,1241,1447,1341,4029
1714,6402,5029,0,13145
3440,4772,0,3846,12058
0,0,0,5769,5769
3238,5936,308,3392,12874
910,4022,0,2470,7402
0,8227,6897,9740,24864
2434,8252,0,9007,19693
5061,11971,0,2467,19499
812,1830,2342,5366,10350
4195,12558,4128,9815,30696
0,0,4960,0,4960
408,3705,4768,3873,12754
0,3877,4319,764,8960
4041,4892,10539,0,19472
0,4852,0,7776,12628
0,866,3832,5869,10567
0,1973,2309,9356,13638
1756,4206,1032,4229,11223
0,1899,7227,8650,17776
3938,0,919,1296,6153
9351,1872,3829,740,15792
443,1235,3600,415,5693
3312,433,4664,0,8409
5766,4274,6070,8941,25051
8691,7096,8446,3210,27443
1682,3033,0,1583,6298
4120,0,5741,9319,19180
0,2797,3626,0,6423
0,12624,0,1218,13842
4575,7535,3381,1694,17185
6289,6593,12693,6612,32187
3256,3867,6159,2655,15937
9877,3988,742,820,15427
7550,0,3791,3610,14951
6171,3683,1553,461,11868
6922,12205,0,2810,21937
0,3819,4965,8871,17655
4640,0,10992,0,15632
0,0,745,587,1332
7732,7753,0,4409,19894
3190,1228,2831,0,7249
0,12746,1277,3564,17587
1086,0,2782,3171,7039
4766,8515,0,1833,15114
0,5997,14003,4072,24072
426,1986,4653,0,7065
0,3623,6719,1823,12165
8897,4181,6533,0,19611
0,5081,1249,3480,9810
6055,8236,3017,676,17984
5555,1862,7725,3086,18228
12992,3402,1400,5022,22816
5623,3438,4233,9429,22723
4207,0,7644,1659,13510
13066,3983,12016,0,29065
8925,0,6462,2930,18317
4674,0,5633,0,10307
4042,2007,2272,0,8321
0,3226,0,0,3226
4741,5206,1976,5924,17847
7846,885,1470,8641,18842
4200,3765,11405,1309,20679
4769,0,0,10843,15612
1227,0,0,7379,8606
1942,0,0,8857,10799
6414,7551,4997,3431,22393
0,4522,2059,6097,12678
4447,0,5490,806,10743
7132,0,5098,4570,16800
2650,10289,0,8437,21376
371,6634,3969,1035,12009
0,0,4047,0,4047
0,5006,5124,7333,17463
2929,4665,5120,3038,15752
3981,12533,0,7109,23623
4205,0,13731,4004,21940
13759,0,6858,7626,28243
0,7111,5361,1892,14364
2284,1843,3294,7659,15080
308,3240,1117,3269,7934
4727,1096,6311,0,12134
0,0,913,8329,9242
0,7225,2873,0,10098
1455,2170,0,3004,6629
4423,12382,7769,3514,28088
955,7015,7688,0,15658
0,7287,7153,0,14440
7568,1920,9485,0,18973
0,2229,8982,0,11211
0,0,2657,1944,4601
6281,4209,0,13403,23893
9347,6553,3768,0,19668
4728,5899,6581,5367,22575
0,10720,1621,9082,21423
5300,0,1822,2169,9291
3761,854,1198,6154,11967
628,1864,0,0,2492
6197,528,6121,8622,21468
11413,0,3299,1016,15728
0,2886,2217,7823,12926
9483,5934,0,0,15417
4467,4638,1114,6343,16562
0,816,4142,0,4958
0,0,4032,8671,12703
0,0,8266,11404,19670
4897,6227,4349,4545,20018
3217,2813,0,3493,9523
0,3994,8673,747,13414
1585,4597,0,0,6182
0,4237,5410,0,9647
0,4041,0,0,4041
8241,0,5648,2549,16438
0,4631,4737,1362,10730
4589,5038,2564,2653,14844
3883,1509,3501,0,8893
4065,302,0,0,4367
0,5228,0,15041,20269
7570,1406,0,5047,14023
9163,10501,2869,745,23278
0,4584,5099,0,9683
5392,6287,0,372,12051
6604,6575,0,0,13179
796,3897,3125,8136,15954
6274,0,5458,5134,16866
1455,2181,8829,8885,21350
0,4654,10447,9343,24444
6118,3897,3221,6511,19747
0,8144,7436,0,15580
9049,567,10317,923,20856
2959,2076,2100,0,7135
8173,4718,0,0,12891
0,8584,0,2263,10847
0,4417,4457,1056,9930
8351,1196,10393,0,19940
4220,0,15837,7935,27992
8197,2334,4474,3903,18908
3726,8784,5061,2019,19590
0,5072,0,0,5072
5194,0,1111,0,6305
3986,3386,999,0,8371
1540,4567,2193,0,8300
953,5214,2911,1629,10707
1752,2736,0,0,4488
5090,4081,13352,2282,24805
2978,220,5237,0,8435
0,2086,6873,0,8959
1409,0,4005,0,5414
1271,0,1874,2938,6083
0,3317,13532,1659,18508
0,3898,2102,0,6000
0,4347,533,1462,6342
0,4530,0,2700,7230
3905,1282,2123,0,7310
0,1158,0,4233,5391
767,7993,1173,0,9933
3813,2574,539,7092,14018
0,0,13361,3683,17044
4675,0,7694,4389,16758
0,4227,2431,3138,9796
1510,4719,3259,448,9936
0,5847,793,2963,9603
4377,2728,0,0,7105
0,2937,8011,911,11859
0,3927,10495,779,15201
0,2419,2862,0,5281
0,2225,3854,0,6079
0,4807,13431,3577,21815
3177,7946,6528,8036,25687
0,2713,9279,1172,13164
9197,7684,0,9929,26810
4098,3571,7689,0,15358
1502,5126,4420,0,11048
8601,1470,4223,4049,18343
5143,8937,2459,4373,20912
7814,0,4180,3216,15210
2394,3642,0,2727,8763
5794,0,4098,3331,13223
2133,4272,3268,5008,14681
4971,5169,2386,4215,16741
1657,0,0,0,1657
0,3549,0,0,3549
4285,6894,4622,6144,21945
2421,10080,5143,5172,22816
924,0,2979,4881,8784
2505,0,2484,0,4989
0,2084,3350,3734,9168
5312,1082,1437,0,7831
0,13366,0,2160,15526
4724,2149,1573,688,9134
1824,0,4851,3295,9970
5370,5092,7631,3892,21985
0,262,7709,6585,14556
4211,0,4943,982,10136
10181,0,7386,0,17567
2808,13473,3954,4448,24683
4725,3582,3286,0,11593
4211,5710,7300,998,18219
7342,4958,3350,4630,20280
8074,0,686,5075,13835
0,2252,7830,8381,18463
4433,4501,0,3070,12004
0,378,2384,1889,4651
1611,5885,0,0,7496
0,0,895,0,895
7111,2888,0,2122,12121
3469,0,0,0,3469
0,0,7406,439,7845
5673,2425,0,0,8098
2579,0,0,727,3306
1118,1227,0,2432,4777
0,0,1676,3243,4919
0,6528,4304,0,10832
0,3405,0,3772,7177
3492,5419,0,0,8911
1036,5888,3436,6372,16732
2244,7174,4055,0,13473
7586,0,5928,6605,20119
0,4671,1469,2764,8904
3605,3644,0,0,7249
7275,10263,0,3845,21383
1418,0,3150,0,4568
6352,0,2593,3854,12799
1119,3964,0,4141,9224
2614,7113,3852,5889,19468
0,6962,9375,0,16337
0,9755,0,1331,11086
6640,0,7543,0,14183
6246,2928,0,3066,12240
11139,4106,2467,8002,25714
4179,12092,4873,0,21144
7962,0,9680,0,17642
1444,1854,3300,5079,11677
0,6955,2722,2223,11900
4313,291,6193,0,10797
2104,11158,4198,1458,18918
4415,3353,4188,7180,19136
0,0,4013,0,4013
1774,0,0,8098,9872
3361,9572,4808,4791,22532
0,0,8219,0,8219
4737,6482,4258,4552,20029
2069,0,1364,2185,5618
4306,5482,0,0,9788
12840,10699,0,4728,28267
0,3711,4065,2657,10433
3407,5939,0,5009,14355
796,0,2039,5064,7899
8353,4336,5034,9792,27515
4104,5353,0,1287,10744
6280,0,1924,2706,10910
0,6342,1947,1117,9406
7136,0,6547,0,13683
0,0,0,5077,5077
0,4953,4929,12903,22785
3891,0,1526,1563,6980
0,5153,9477,5899,20529
0,4516,7576,0,12092
0,919,7729,1532,10180
3945,2517,6434,1935,14831
4686,1322,5416,3171,14595
4266,1321,0,2431,8018
1471,0,10240,948,12659
2150,11059,4534,7671,25414
0,2438,0,6756,9194
791,6003,2809,4936,14539
569,0,1586,782,2937
1515,14837,4415,431,21198
0,11837,1570,0,13407
3097,0,0,0,3097
0,4269,1363,3438,9070
6970,2600,4082,5010,18662
12107,0,13510,0,25617
9015,3282,0,0,12297
5469,5683,0,4398,15550
0,0,0,4525,4525
4786,0,3347,1894,10027
4283,0,15542,0,19825
366,7353,5349,18571,31639
1972,8290,5418,5172,20852
0,8553,1591,0,10144
0,4424,1972,0,6396
0,238,3005,1202,4445
13255,0,3178,5023,21456
0,2384,1623,10198,14205
13586,396,0,3002,16984
5653,0,0,3527,9180
2189,2805,4163,793,9950
11024,0,10579,369,21972
4737,7143,1768,0,13648
10137,0,4341,3590,18068
3038,7315,1215,0,11568
4699,3115,6045,0,13859
8268,10072,3568,4309,26217
10128,4460,4019,7290,25897
5259,4176,2343,4205,15983
6812,0,4733,0,11545
153,4622,4171,3021,11967
4961,0,0,7124,12085
0,2088,5098,7174,14360
513,11741,6144,0,18398
0,2969,371,1898,5238
1552,4020,927,5697,12196
0,0,9067,5137,14204
0,3723,7098,5544,16365
3741,3432,0,0,7173
0,5224,2845,3609,11678
5193,3903,0,9372,18468
7576,3727,3851,0,15154
0,3318,3711,0,7029
5376,3815,2816,0,12007
10901,3015,10533,3561,28010
9708,384,1127,0,11219
0,4230,6415,0,10645
3068,3524,2746,4573,13911
1732,701,1128,0,3561
2219,2151,0,466,4836
4791,4461,1265,0,10517
0,2979,0,1340,4319
4382,4166,7479,0,16027
0,0,4506,7525,12031
680,9687,9806,0,20173
0,9303,7439,722,17464
14875,1676,4500,1898,22949
6846,1253,2148,1985,12232
1313,5062,0,3378,9753
1213,8512,5394,6465,21584
2637,727,4915,3775,12054
3617,3582,695,1821,9715
2988,5905,8707,4761,22361
7739,3860,0,2008,13607
3966,484,350,0,4800
8182,0,7609,4860,20651
3873,3747,0,1721,9341
3735,3305,7741,6235,21016
1890,4861,8950,423,16124
6715,632,3453,9367,20167
4233,0,0,2970,7203
0,4226,0,0,4226
2553,0,4102,8189,14844
8385,0,5176,0,13561
8265,3353,716,6128,18462
4994,5487,0,0,10481
924,4015,3973,1097,10009
0,6945,3954,5265,16164
0,14488,561,6398,21447
5047,2783,7705,3340,18875
4931,438,0,0,5369
0,10929,5530,5110,21569
3442,3249,4515,508,11714
0,2621,1635,4505,8761
0,0,1204,3864,5068
0,1036,0,3521,4557
3260,0,6530,8513,18303
0,0,2594,0,2594
3968,1369,4728,0,10065
6083,7742,9106,2412,25343
10423,2541,7668,1132,21764
4586,0,2467,0,7053
4807,544,2994,0,8345
11464,0,9579,4357,25400
3547,9992,4725,0,18264
0,4251,6621,0,10872
7899,0,491,3416,11806
3460,4492,6808,0,14760
1556,4700,6083,0,12339
5078,0,9523,11871,26472
8806,0,4833,9106,22745
4444,4003,3726,5225,17398
3952,0,3320,2037,9309
11445,4737,7904,1835,25921
687,3071,0,0,3758
1290,5325,0,0,6615
7528,10377,4893,6363,29161
695,631,0,1186,2512
4071,4479,5144,2545,16239
0,1096,4095,2192,7383
0,5606,0,848,6454
2544,3810,8159,1452,15965
2191,1119,7276,1469,12055
4583,2913,2636,1401,11533
5263,5860,3281,416,14820
11389,2830,4896,7157,26272
2132,4439,6760,0,13331
8399,0,11373,0,19772
5367,10421,4371,0,20159
0,7210,3430,1680,12320
964,3737,0,2227,6928
5145,0,5610,0,10755
0,4578,0,3553,8131
1484,7085,2590,7163,18322
0,0,0,585,585
1495,12191,4650,2904,21240
0,1956,4944,4942,11842
3980,5478,7070,0,16528
0,8121,7039,3392,18552
5162,9224,0,4956,19342
2219,11764,0,5583,19566
4870,4573,0,880,10323
0,7650,3903,4382,15935
0,4611,11221,0,15832
7459,6879,7786,7791,29915
1890,7131,12110,3211,24342
6783,4014,6873,3964,21634
0,13579,3687,1556,18822
0,0,9136,3294,12430
8119,1593,0,4185,13897
0,7670,3662,0,11332
9908,8693,1090,7346,27037
7282,8781,0,5060,21123
10631,9866,322,2723,23542
8397,6415,535,0,15347
3923,6184,5615,5529,21251
3613,3987,8281,0,15881
0,7290,3922,3773,14985
2602,5370,8483,4402,20857
0,1649,0,0,1649
4647,11109,2851,966,19573
0,0,6513,0,6513
2730,0,1423,1479,5632
11801,1779,5593,7886,27059
3913,427,0,6426,10766
5754,466,0,7760,13980
0,4209,9839,2715,16763
9792,2780,6416,4891,23879
4630,3619,5437,0,13686
2955,4608,2001,3489,13053
12432,9666,4911,0,27009
0,0,4193,0,4193
2526,0,1317,5072,8915
4994,3760,1676,0,10430
5050,4369,5392,2670,17481
5933,9608,0,2972,18513
6444,792,1173,3975,12384
8840,2535,5590,15926,32891
7051,2086,2695,4797,16629
8841,1467,2484,12399,25191
0,492,3487,7533,11512
3039,0,403,4814,8256
11928,3157,1282,7505,23872
0,4045,0,4042,8087
0,10274,1886,7283,19443
3120,1485,1557,3793,9955
0,1503,2005,5092,8600
6266,6525,4636,8539,25966
2097,0,3133,0,5230
0,3317,0,8898,12215
4395,4019,0,9377,17791
5244,4631,4805,5560,20240
3478,5217,0,7633,16328
0,6392,0,0,6392
0,0,1506,2997,4503
4459,0,0,0,4459
0,553,7521,6938,15012
387,5009,2364,0,7760
1491,2269,3386,0,7146
1742,4022,1460,837,8061
1377,2192,0,3259,6828
972,9836,4029,0,14837
3953,0,7386,6234,17573
2942,0,5125,11127,19194
8815,8579,2718,0,20112
3015,0,9134,0,12149
0,2102,1807,3613,7522
0,5919,1371,13129,20419
4608,0,2052,0,6660
0,4548,0,0,4548
0,6172,6817,2480,15469
2497,5074,3946,2381,13898
4334,2709,0,8596,15639
3306,0,5138,0,8444
611,0,772,2484,3867
4501,1302,2964,5905,14672
917,0,4185,2110,7212
4285,0,0,7172,11457
2912,456,3935,7814,15117
2971,0,8098,12406,23475
6189,0,3026,7548,16763
0,220,0,0,220
8143,3958,3507,0,15608
3852,5031,611,6801,16295
3675,10034,687,3139,17535
0,3854,5498,9142,18494
12626,0,1110,2958,16694
9549,0,634,1403,11586
1780,13978,5779,0,21537
5651,1657,0,0,7308
0,0,7398,6806,14204
0,9472,8494,1210,19176
0,824,0,4558,5382
5958,4125,0,2040,12123
6346,0,6248,3091,15685
0,4351,0,360,4711
3117,0,439,3463,7019
0,2724,0,7511,10235
0,5395,7554,3041,15990
0,3269,7560,0,10829
0,3695,0,5735,9430
898,2483,7540,4570,15491
3380,0,0,11314,14694
4945,4945,4628,3018,17536
0,0,652,2934,3586
5261,4650,3321,1449,14681
5369,1595,4201,4952,16117
2403,4342,4296,4888,15929
3808,0,655,770,5233
11683,0,10756,0,22439
7402,1625,2028,6279,17334
0,0,6885,3550,10435
2832,2383,454,2840,8509
1038,0,4796,3585,9419
5336,0,5832,4181,15349
2130,9285,7950,879,20244
0,3109,0,8617,11726
1555,2587,4208,2215,10565
3323,5463,2372,3571,14729
7052,5844,0,0,12896
4425,1134,1271,3485,10315
0,0,0,3666,3666
4626,7008,4592,0,16226
0,5577,0,0,5577
1938,0,6811,9932,18681
0,0,0,3169,3169
990,7080,2559,6869,17498
10452,0,6402,659,17513
5084,12609,0,0,17693
1743,5602,5037,7042,19424
0,7696,603,3687,11986
5594,1358,11391,0,18343
3764,9476,0,0,13240
6859,4495,973,4230,16557
0,5482,0,0,5482
6116,5237,6251,2953,20557
8248,2105,1119,0,11472
2723,12301,0,0,15024
8118,10161,9627,0,27906
9835,2752,0,4173,16760
0,11625,3770,1122,16517
5805,0,0,4262,10067
4557,1121,0,0,5678
5279,3885,3534,0,12698
731,6818,8860,0,16409
0,0,2573,2944,5517
5498,3721,3389,2734,15342
0,0,7228,5987,13215
3008,0,3169,2115,8292
3873,4583,2134,1787,12377
2735,0,0,10513,13248
1006,5050,7913,3826,17795
1143,6800,0,3415,11358
1962,7010,0,2279,11251
3330,0,2810,1623,7763
0,8759,0,0,8759
5296,6949,1209,666,14120
3547,0,0,3467,7014
1749,4161,9063,1281,16254
0,1513,4557,8547,14617
5063,0,0,0,5063
4073,0,3451,7046,14570
3221,0,8953,6554,18728
0,4981,12770,6388,24139
382,0,3997,5645,10024
0,175,3767,4315,8257
2714,0,4803,5686,13203
0,5037,6699,0,11736
2378,0,1159,2056,5593
0,3560,0,0,3560
1907,0,9029,9059,19995
0,5292,5239,2322,12853
10495,19074,0,8613,38182
8285,1516,5267,0,15068
970,4756,0,0,5726
2322,7364,7799,3998,21483
4208,8929,4387,9935,27459
4543,0,3502,1873,9918
0,3521,3294,2047,8862
628,1317,882,1165,3992
0,264,1141,3812,5217
0,4205,12631,3348,20184
617,6933,2195,3751,13496
2521,2280,1650,6980,13431
4844,6102,1918,7423,20287
5361,6060,0,7384,18805
0,0,2940,0,2940
7340,0,0,6489,13829
569,0,0,9180,9749
0,0,9938,1241,11179
0,0,0,5394,5394
4505,0,3177,0,7682
2576,5628,11803,3198,23205
1114,1920,8171,2784,13989
4739,2622,683,0,8044
1316,0,4911,0,6227
1188,565,0,4232,5985
0,10177,5125,7288,22590
4868,4590,7716,5256,22430
4228,3258,5413,4163,17062
0,1064,248,2807,4119
745,4049,4898,6822,16514
1388,0,14047,0,15435
4054,5906,2641,10426,23027
2140,7071,3933,7630,20774
0,4765,3116,0,7881
0,1289,0,4699,5988
0,2384,0,10074,12458
0,0,3916,6313,10229
3756,4511,4981,4735,17983
4106,1475,0,566,6147
222,0,12115,0,12337
2103,0,941,0,3044
4310,0,1292,3124,8726
8614,0,594,3023,12231
5173,1992,0,2155,9320
0,680,0,0,680
15379,0,878,778,17035
4646,0,3883,4351,12880
7556,0,2932,5678,16166
5821,9089,1522,3376,19808
11734,1163,5577,8364,26838
0,4341,5201,5911,15453
2221,0,2574,4965,9760
5174,0,4042,1125,10341
0,4331,0,1911,6242
4922,8872,4158,4211,22163
0,4383,3963,0,8346
1258,7621,1761,4729,15369
1829,4445,4249,6509,17032
0,6084,0,2942,9026
0,4155,0,0,4155
2226,0,0,3940,6166
11813,0,0,9197,21010
0,2707,6194,646,9547
3524,0,5871,4831,14226
3563,1221,6308,2690,13782
9956,3931,0,4403,18290
1288,0,10604,0,11892
0,0,6244,4307,10551
0,5229,1804,2052,9085
5122,5055,0,3376,13553
6647,0,0,1169,7816
0,10832,3710,3699,18241
8206,2525,9111,8668,28510
5795,512,0,2632,8939
2610,0,5208,0,7818
6575,1034,1048,4712,13369
9860,4595,3503,0,17958
2208,6493,0,4687,13388
2017,7924,8981,0,18922
1559,1568,3365,9633,16125
4101,0,2968,4061,11130
0,8898,1660,1124,11682
0,5142,9654,2540,17336
2162,0,5061,0,7223
0,11888,6037,0,17925
0,3630,8370,7241,19241
3942,0,0,0,3942
5214,0,8768,5698,19680
0,0,0,7232,7232
0,0,2178,4802,6980
3668,5073,0,1849,10590
8625,4228,0,7910,20763
9021,2066,1396,6244,18727
4964,8231,0,2676,15871
0,3004,8718,4970,16692
3626,1771,0,1991,7388
3330,0,0,4167,7497
8952,0,14643,3302,26897
3013,8363,0,11900,23276
1666,4017,4121,8950,18754
3147,7601,7408,0,18156
4679,3012,0,0,7691
11220,6698,0,0,17918
679,0,0,1513,2192
8320,0,2648,1795,12763
0,9051,1530,0,10581
4257,4133,0,0,8390
3569,5640,0,5202,14411
3336,3920,5792,369,13417
10289,0,6318,4727,21334
2749,1953,0,12433,17135
0,1848,4717,0,6565
9382,3721,5959,3425,22487
0,3307,0,0,3307
8194,8797,0,8398,25389
5033,0,4757,0,9790
5190,8089,2242,5900,21421
0,6927,3251,0,10178
4867,1771,2306,3685,12629
2989,5158,0,4744,12891
2506,5059,3854,10814,22233
0,1275,3597,1221,6093
7579,0,0,3654,11233
7969,0,8408,3787,20164
13043,3653,7709,6743,31148
4364,648,2842,4767,12621
8238,0,9556,1044,18838
0,1987,0,0,1987
0,2934,0,1576,4510
0,4095,6033,4527,14655
1517,0,1078,13761,16356
0,1985,0,7718,9703
0,0,2409,10383,12792
3847,3664,5244,7089,19844
0,0,0,4095,4095
1110,0,1994,2973,6077
0,0,2778,13974,16752
0,6050,0,3160,9210
0,1327,0,13805,15132
2017,5079,1589,1147,9832
0,0,2436,0,2436
4614,1911,0,7327,13852
0,15924,8784,4149,28857
9113,17329,4281,8947,39670
9948,6808,6966,2462,26184
3036,5646,1405,1844,11931
3949,7291,0,2861,14101
4639,9728,7501,4403,26271
4846,2343,5050,17967,30206
565,2133,4766,1199,8663
5319,5803,0,1061,12183
4943,0,7043,6433,18419
0,4985,2565,0,7550
7985,0,6179,0,14164
8916,3163,2843,5204,20126
0,3585,15142,3598,22325
4304,3184,0,5306,12794
12922,12431,5060,4910,35323
0,7389,7325,4907,19621
4661,6187,0,3394,14242
1178,5545,14394,3714,24831
595,2038,2920,0,5553
640,4156,0,5377,10173
5367,6080,4453,4833,20733
12825,8940,0,0,21765
2827,4684,8335,6439,22285
0,6845,2864,0,9709
0,13277,2718,0,15995
10196,11760,1552,0,23508
346,2224,0,0,2570
0,11055,0,2261,13316
3012,1144,0,14618,18774
9775,1059,2814,4656,18304
2143,0,3248,4588,9979
4524,4380,6086,2148,17138
1612,8838,658,2056,13164
20410,5000,2715,1131,29256
3761,6950,1660,2911,15282
987,6350,7728,10449,25514
331,2515,14763,0,17609
5834,1180,1191,0,8205
3328,2293,0,5248,10869
4595,4654,0,1872,11121
0,0,4937,6702,11639
0,0,7488,0,7488
2083,2230,5803,0,10116
0,0,3613,2742,6355
6137,4260,2813,4841,18051
1395,0,0,1983,3378
4224,2309,3026,2169,11728
2992,12028,588,3701,19309
3412,13325,0,3614,20351
3800,0,0,5130,8930
550,3273,4651,15505,23979
3351,1663,0,9063,14077
3611,0,7523,0,11134
2012,0,0,754,2766
0,1696,0,3781,5477
2876,4385,606,5509,13376
0,0,511,0,511
0,10921,2087,701,13709
10942,9898,4854,4606,30300
1839,2642,0,6841,11322
2928,6177,0,0,9105
4254,735,2473,2135,9597
5201,11477,221,3079,19978
0,7643,0,0,7643
9360,0,0,5731,15091
4153,16259,987,0,21399
0,10627,3932,914,15473
4046,924,2591,0,7561
639,7868,2591,0,11098
5613,8884,2752,1888,19137
8717,343,9785,5432,24277
613,389,6546,3465,11013
535,3099,0,4366,8000
0,9144,0,9587,18731
11713,0,3792,0,15505
0,3281,0,2761,6042
0,4717,4553,2482,11752
4277,7033,5525,3034,19869
0,8984,2832,2176,13992
0,18468,4410,4054,26932
0,4201,2243,7096,13540
8701,1032,3212,2708,15653
0,4694,0,1661,6355
1975,7697,683,3301,13656
5057,4492,13470,12527,35546
4604,2750,0,5825,13179
0,3455,4392,5097,12944
0,368,0,0,368
1309,0,0,3721,5030
0,6506,0,11165,17671
0,3794,11484,7494,22772
0,0,1796,0,1796
0,11817,2254,0,14071
0,1024,1932,2356,5312
6333,4515,0,10799,21647
1635,7079,6918,11119,26751
2682,3382,0,2212,8276
3603,735,2886,0,7224
0,1964,5013,3278,10255
1362,2212,8310,0,11884
4692,0,4596,3792,13080
1250,4466,5324,0,11040
6390,1714,4343,0,12447
13890,1625,4738,1558,21811
0,6746,2523,4097,13366
2232,2365,0,4848,9445
7267,0,4912,1160,13339
4144,0,1966,2133,8243
0,0,9522,4865,14387
15109,5518,584,3553,24764
4614,5105,0,3998,13717
7115,7942,2718,5101,22876
0,8117,6087,0,14204
6901,4167,18209,9589,38866
2943,5620,7699,0,16262
2078,5833,7219,0,15130
0,2885,8226,260,11371
7416,4226,8896,4380,24918
4685,0,6261,418,11364
6158,3581,10211,3074,23024
6995,354,0,909,8258
4509,7462,10336,1569,23876
3122,0,2105,2772,7999
0,608,3928,6735,11271
8753,0,3124,3447,15324
10395,1922,1596,0,13913
3970,253,3995,1299,9517
2394,0,0,0,2394
536,8664,7471,0,16671
3844,4963,0,5495,14302
0,4828,3950,4914,13692
7378,1010,0,4205,12593
3462,0,5485,0,8947
4573,0,2765,0,7338
0,0,0,2523,2523
0,3422,7567,0,10989
10879,11217,0,17712,39808
8501,5204,0,5446,19151
0,0,13784,8599,22383
2586,6330,552,1669,11137
815,4628,0,4132,9575
0,0,3280,4106,7386
11476,8659,4339,0,24474
0,0,8687,7286,15973
10006,0,4118,0,14124
504,12347,0,0,12851
12592,3928,4709,1369,22598
8013,11736,0,1170,20919
2937,0,2048,4336,9321
0,1858,0,1319,3177
0,0,8537,0,8537
0,0,0,782,782
9005,0,0,8434,17439
2320,0,4977,3063,10360
6030,7367,0,11284,24681
5238,0,4140,0,9378
0,0,0,2981,2981
7456,1294,0,0,8750
4161,4515,823,3529,13028
1724,3653,6748,695,12820
12991,696,3944,0,17631
4785,3644,3469,0,11898
2840,0,3091,3835,9766
3314,8022,2343,2256,15935
4766,7606,2842,0,15214
0,1036,0,2261,3297
9889,8021,0,2715,20625
0,1595,10287,1935,13817
7439,3789,10743,1277,23248
6827,789,9709,260,17585
0,604,0,1827,2431
5905,3551,0,9263,18719
8525,4445,2913,4317,20200
5012,3551,0,5298,13861
2318,3997,496,1454,8265
0,2363,4938,3206,10507
0,0,5754,0,5754
13416,4066,0,2331,19813
6173,1199,0,3747,11119
5092,8292,117,0,13501
0,505,0,2062,2567
5009,2504,4143,2952,14608
5560,390,3029,7848,16827
0,0,0,11561,11561
0,0,286,8228,8514
0,4054,3302,3005,10361
0,7751,0,6843,14594
1928,8199,4836,2377,17340
0,0,580,2570,3150
6706,142,6871,5051,18770
2037,0,2914,1174,6125
9016,0,0,0,9016
0,1116,3585,4460,9161
0,2758,0,8084,10842
0,1064,5868,0,6932
4248,7882,3728,1650,17508
0,6108,1467,1713,9288
0,1431,0,0,1431
0,2498,0,4144,6642
3258,0,5052,0,8310
0,2776,402,3649,6827
2904,5075,13710,7744,29433
6807,7478,1375,0,15660
4052,0,9402,7093,20547
2698,0,2364,3967,9029
4835,8121,0,5517,18473
549,0,4188,1296,6033
15042,4057,3777,1026,23902
4274,3705,4152,4780,16911
1593,2274,684,0,4551
0,5321,4366,4628,14315
8066,0,3785,0,11851
3599,0,10135,0,13734
0,0,0,4298,4298
2622,11039,0,3758,17419
11581,0,1738,2934,16253
8794,1705,8388,4356,23243
5263,4944,4403,7600,22210
5706,220,0,15273,21199
7178,0,0,0,7178
8507,6944,4159,0,19610
2450,0,7691,866,11007
0,10521,0,4918,15439
0,0,1938,5059,6997
0,3653,5567,0,9220
0,5308,0,7432,12740
4863,2145,3395,6529,16932
0,6831,8900,0,15731
7709,0,0,3865,11574
2781,3836,4698,2735,14050
0,1563,381,7640,9584
9274,0,0,11789,21063
5646,9304,5766,0,20716
360,0,5852,0,6212
6152,3131,7018,4989,21290
0,800,6051,8965,15816
5981,1770,8661,3038,19450
0,3121,0,1492,4613
10973,6083,0,2133,19189
3370,0,0,7579,10949
8075,4807,3161,8063,24106
3847,2031,4435,0,10313
4760,13956,1343,7687,27746
0,0,0,10644,10644
5995,1661,1964,2314,11934
4339,0,0,2675,7014
6044,4695,3353,5879,19971
4910,5995,1601,6472,18978
4645,0,874,0,5519
0,3166,3728,0,6894
0,370,3240,9830,13440
3658,5220,4563,0,13441
7141,15680,1306,1398,25525
0,7981,0,0,7981
0,2764,0,0,2764
2045,2668,5560,0,10273
0,3219,4215,4031,11465
0,0,3024,2410,5434
3581,0,0,13229,16810
607,5720,2393,4836,13556
2528,4311,7547,0,14386
4918,6729,3896,4528,20071
3763,0,10679,3785,18227
4386,0,3631,7583,15600
3020,4958,8421,5160,21559
0,0,12207,12218,24425
4343,0,0,3911,8254
3816,4686,0,1354,9856
2909,0,0,4381,7290
0,12709,0,9467,22176
0,3933,0,0,3933
615,0,5273,4538,10426
0,0,590,6090,6680
3226,0,3949,8289,15464
6895,3708,0,2213,12816
5110,0,5763,3277,14150
0,4920,5017,0,9937
5598,1241,9468,10532,26839
7376,0,9321,8708,25405
2225,0,7116,4085,13426
2801,0,3973,0,6774
0,0,15644,0,15644
3302,9045,12291,574,25212
0,0,4721,0,4721
0,3494,4868,8762,17124
4517,3138,743,0,8398
8159,12149,5766,1276,27350
5096,10758,4302,1782,21938
7218,4076,4366,3321,18981
2015,0,0,7044,9059
0,4126,1383,1290,6799
353,0,5085,1868,7306
4763,4696,6837,4363,20659
5605,2638,0,0,8243
0,8618,0,0,8618
6386,0,5282,7602,19270
0,2344,0,1417,3761
2923,4324,0,0,7247
4342,4749,175,8231,17497
1601,5793,0,293,7687
7561,2907,4512,0,14980
4241,8525,11626,4089,28481
0,0,885,2984,3869
3336,3152,6915,8858,22261
4924,6931,2288,0,14143
715,0,5592,6010,12317
0,2365,0,9906,12271
0,0,3209,3539,6748
8835,0,2451,1224,12510
0,2826,0,0,2826
3457,11657,4949,2978,23041
5992,10015,871,8992,25870
7704,1463,0,3043,12210
14224,0,5247,9916,29387
5163,0,0,5912,11075
12012,0,3488,455,15955
0,1938,0,0,1938
1500,0,4202,6227,11929
0,14128,2618,0,16746
395,0,3107,0,3502
4974,4867,0,0,9841
0,0,5480,9412,14892
9031,4095,2328,0,15454
0,0,4280,2291,6571
9200,0,0,3545,12745
0,1194,0,0,1194
0,0,0,7026,7026
0,0,2612,0,2612
12791,3785,7257,2962,26795
5878,4868,0,0,10746
10100,0,0,2514,12614
3877,0,0,0,3877
1124,3957,3777,7431,16289
8792,6490,0,4846,20128
0,6023,0,5411,11434
5570,1455,15256,7524,29805
4697,2871,0,4593,12161
11831,4498,1221,6448,23998
3615,3151,2888,0,9654
20040,438,6877,0,27355
0,1162,10813,6876,18851
0,5403,7088,6251,18742
2245,0,0,3144,5389
3201,0,4605,0,7806
3325,11708,0,4948,19981
0,4057,1965,3858,9880
3995,2143,4908,0,11046
8723,0,3270,2237,14230
0,4081,8806,0,12887
3748,500,0,9364,13612
0,9945,0,0,9945
3696,1321,4083,0,9100
1529,1187,7247,0,9963
2575,4843,3123,11108,21649
3958,0,4924,589,9471
0,0,0,408,408
5705,8405,2615,0,16725
5884,674,294,13017,19869
2310,2359,2794,0,7463
0,10137,9504,0,19641
0,0,0,2723,2723
5275,7023,5611,2247,20156
2342,4504,0,3326,10172
0,2572,508,2996,6076
3365,0,4996,2915,11276
885,4384,12509,0,17778
3453,3182,0,12558,19193
0,1830,0,0,1830
4112,708,0,8493,13313
8424,2410,1320,1631,13785
7553,10994,3857,2812,25216
7794,650,2851,7494,18789
0,3660,0,10188,13848
5161,0,4539,0,9700
860,7489,2454,0,10803
4525,11326,510,0,16361
0,4389,5502,2448,12339
0,4810,0,4677,9487
7315,0,2105,8801,18221
372,0,0,4049,4421
888,4596,0,2792,8276
3927,6442,3552,13440,27361
7881,2481,0,1123,11485
6237,5310,4413,3428,19388
6063,3817,5499,4667,20046
10545,0,7216,0,17761
1861,6060,3145,0,11066
0,2936,2382,2454,7772
3182,3940,0,10652,17774
0,1956,0,4047,6003
6739,0,11879,1298,19916
6440,0,5123,3906,15469
5341,1527,2574,0,9442
3382,3020,0,0,6402
8188,7928,8922,5073,30111
2731,17953,7149,0,27833
0,0,9899,5763,15662
3954,0,10286,4555,18795
0,6526,569,7821,14916
0,0,0,2509,2509
2971,5703,1458,4470,14602
0,4445,8532,0,12977
3763,1439,5037,4680,14919
6104,0,0,1642,7746
487,0,3327,1763,5577
2254,2271,4274,4384,13183
5153,5096,1139,0,11388
1260,670,2748,1320,5998
8136,5990,4496,6889,25511
0,3983,0,2872,6855
3018,0,1394,11425,15837
0,4214,18345,3835,26394
8022,0,0,1954,9976
0,3449,9920,2294,15663
0,0,4217,2936,7153
0,2499,7874,4149,14522
0,4621,0,2953,7574
1929,2014,4064,851,8858
0,1677,6444,0,8121
0,5214,2894,0,8108
11270,0,1539,2853,15662
7903,10036,0,2388,20327
3156,0,9739,6643,19538
0,1608,0,3009,4617
7567,5583,2286,3478,18914
0,0,3801,0,3801
0,2141,0,1153,3294
1554,3832,1559,11379,18324
0,0,3271,10158,13429
0,0,12518,1065,13583
3947,2953,0,0,6900
3554,7090,1041,0,11685
0,9243,4791,0,14034
7752,469,0,1286,9507
6675,5130,2513,4375,18693
9025,4869,9783,0,23677
0,0,9843,0,9843
3330,1803,0,0,5133
4037,4168,12489,4921,25615
3693,0,2995,0,6688
0,2679,3406,5065,11150
1958,3309,1230,2596,9093
0,2983,3784,0,6767
4099,3679,8982,4495,21255
3988,5149,4286,15516,28939
0,5939,3185,0,9124
3812,0,7019,100,10931
0,3492,0,4146,7638
4330,0,1165,4161,9656
6385,0,0,6325,12710
12584,4877,7216,2301,26978
0,0,0,4999,4999
0,4583,3597,0,8180
0,7234,6183,255,13672
9159,6817,0,0,15976
1973,0,12864,0,14837
4266,2263,4023,0,10552
6205,0,2654,0,8859
0,0,6223,0,6223
2499,4900,2894,5924,16217
710,0,1002,3486,5198
2642,3319,0,8523,14484
0,4068,3739,0,7807
4150,5619,3023,0,12792
0,1382,4590,3663,9635
370,2669,0,934,3973
0,0,1926,697,2623
2760,6220,0,3163,12143
4423,0,0,3898,8321
1779,571,0,7337,9687
4854,4597,0,0,9451
1107,0,5325,7167,13599
9982,2323,7523,1102,20930
721,2969,3258,4214,11162
8237,14735,5838,2158,30968
4681,7945,0,582,13208
6619,0,0,0,6619
3314,0,1088,302,4704
6141,7828,7240,4904,26113
6418,0,4785,4374,15577
0,13043,11672,0,24715
5011,0,7211,3288,15510
9412,0,0,4585,13997
4513,5114,0,2770,12397
8017,0,5773,9163,22953
0,10086,2935,4102,17123
0,4611,3878,0,8489
11899,1563,348,0,13810
0,3040,8821,1868,13729
3422,0,5583,7274,16279
5762,4787,3245,0,13794
9625,8470,0,0,18095
3411,0,1587,6793,11791
0,0,11235,3579,14814
1356,0,3921,2226,7503
3786,1509,0,0,5295
1891,1879,3066,0,6836
2522,0,13221,983,16726
3142,4667,4880,4562,17251
9894,2621,3739,8397,24651
3503,9889,1979,13557,28928
3536,3680,1442,0,8658
5387,3447,0,10776,19610
4428,7352,1301,1455,14536
5774,0,6923,6400,19097
0,4688,8717,0,13405
7502,2920,0,610,11032
1775,8832,7078,12528,30213
0,7416,5766,0,13182
2517,3970,2591,5485,14563
4136,4896,1937,0,10969
3698,1224,0,3048,7970
6637,0,0,4659,11296
4826,4614,3501,7546,20487
0,7178,564,2886,10628
0,4820,0,8380,13200
1251,11009,0,5030,17290
0,0,10395,0,10395
0,5091,2270,5010,12371
0,7659,0,1424,9083
3166,2815,5953,3091,15025
6253,3818,6281,763,17115
3293,0,1774,4675,9742
7328,0,0,3827,11155
1425,0,4481,7565,13471
0,2765,2225,2717,7707
4212,1657,10025,5987,21881
8266,3279,11007,5320,27872
0,0,4083,1006,5089
0,9901,0,754,10655
6298,0,5186,0,11484
10342,7282,7197,4352,29173
4122,0,0,7169,11291
7248,3172,959,0,11379
2696,3812,0,4678,11186
2592,0,311,0,2903
0,9962,0,0,9962
0,137,224,5252,5613
0,0,9780,1427,11207
4936,3181,0,4180,12297
0,0,2158,5806,7964
0,0,9415,0,9415
0,10909,9000,0,19909
478,0,3769,0,4247
7143,6394,516,2097,16150
10184,14315,6768,2956,34223
1738,6753,8240,0,16731
6308,1846,6385,6682,21221
1840,4118,4544,9657,20159
5201,2423,12130,0,19754
5604,0,0,0,5604
0,5934,2008,0,7942
0,4668,2765,9243,16676
0,0,10308,2971,13279
8134,0,3782,2923,14839
7444,4370,3055,6948,21817
5471,14042,2643,9522,31678
1391,3732,9156,613,14892
1543,6431,0,0,7974
9159,1402,4075,802,15438
1032,1666,0,6804,9502
10111,0,0,7544,17655
7420,1675,1134,3525,13754
9785,3800,2454,10323,26362
0,0,0,4749,4749
6534,0,3308,0,9842
6298,0,3729,0,10027
0,2298,3209,10144,15651
233,2297,825,5244,8599
2651,16836,1418,3502,24407
4693,679,6383,4726,16481
0,4477,2378,0,6855
5954,2416,684,6172,15226
11720,3004,0,5310,20034
0,3405,5154,0,8559
3417,7169,2264,0,12850
14578,7534,6532,0,28644
7605,8947,0,4383,20935
6467,408,4964,1698,13537
0,7450,2688,983,11121
0,5814,2240,8424,16478
9904,3107,2839,6956,22806
0,1329,3676,6962,11967
0,0,3844,4416,8260
0,0,3709,6831,10540
7796,0,5759,0,13555
0,0,0,6617,6617
0,0,4570,0,4570
0,142,11928,0,12070
4210,8092,0,4139,16441
3926,0,0,10037,13963
0,2315,1413,6318,10046
6847,0,5447,12981,25275
8804,563,2824,2741,14932
4570,0,0,6621,11191
0,3625,2686,0,6311
3071,3467,0,7506,14044
1508,3097,9555,7076,21236
0,1394,7564,10049,19007
8281,0,3619,4592,16492
0,0,270,807,1077
0,0,564,4250,4814
4201,4612,7063,2544,18420
0,8505,2561,3566,14632
0,2826,4417,13148,20391
7691,0,1194,4314,13199
4374,1077,2439,5547,13437
7983,6500,8611,8452,31546
5867,3241,960,6705,16773
0,5078,0,0,5078
4084,0,6176,0,10260
0,0,0,2032,2032
3367,8005,0,2286,13658
0,1763,6815,2057,10635
1016,0,4377,0,5393
9485,2888,0,423,12796
3519,8253,0,3569,15341
15961,1431,4291,2444,24127
6235,0,0,6572,12807
3307,4237,2333,0,9877
9576,0,919,0,10495
10855,709,3158,2386,17108
12149,0,7878,0,20027
2040,0,4557,8241,14838
0,0,3885,0,3885
0,4772,7717,3647,16136
6053,354,0,661,7068
7423,0,0,0,7423
2254,755,0,0,3009
0,6226,5074,3516,14816
7149,4241,4827,3273,19490
3305,1397,0,0,4702
0,2721,3849,7177,13747
400,12364,1312,4827,18903
3632,0,0,0,3632
10576,2718,3157,13447,29898
2343,4577,5299,0,12219
5833,5418,2298,6000,19549
9341,4888,8446,1677,24352
2419,0,2121,4859,9399
7218,0,14501,2447,24166
13810,0,0,7307,21117
4651,15599,5794,0,26044
6907,8403,2471,0,17781
0,0,2640,4980,7620
1629,6076,8010,8705,24420
0,9648,3489,4009,17146
1057,5470,4282,4314,15123
0,1598,4252,0,5850
6699,7570,3808,0,18077
3379,0,3853,10512,17744
2033,0,8911,0,10944
0,7397,339,17067,24803
4008,1422,0,5771,11201
0,606,3640,4163,8409
3840,7744,3851,1634,17069
5380,719,0,5015,11114
0,4672,1587,2648,8907
4124,8058,5324,8727,26233
0,1784,5319,2218,9321
6817,3194,0,0,10011
439,6157,8956,9151,24703
3424,0,5170,9628,18222
4400,2977,7882,1748,17007
6258,1186,2268,0,9712
11181,6731,1095,1928,20935
1637,5985,7255,1385,16262
1272,0,5634,3210,10116
3644,13009,0,1073,17726
2004,5286,5843,2613,15746
2162,0,3218,1376,6756
0,311,3013,13964,17288
8743,4268,681,0,13692
2267,0,0,4830,7097
6263,7794,4040,7835,25932
5930,3679,1116,7748,18473
4018,5560,1714,1135,12427
0,0,4741,0,4741
4824,9987,7710,3024,25545
0,15002,793,2243,18038
0,0,4288,0,4288
2383,3545,0,0,5928
4042,11575,3167,6355,25139
0,2308,7611,4395,14314
0,0,3100,5885,8985
7483,0,0,0,7483
1557,5347,5892,6594,19390
768,4770,2626,2720,10884
0,0,7859,0,7859
598,4759,3490,0,8847
2225,0,7561,3554,13340
8470,0,11646,4847,24963
0,812,14264,4897,19973
2402,2611,0,0,5013
3622,4088,3466,0,11176
5718,5024,6737,4320,21799
17170,0,3275,11084,31529
